16 17 13 
2 7 
4 15 17 18 19 
16 17 13 
17 13 
16 17 13 
1 2 3 17 
13 7 
6 7 
13 7 
17 19 14 
17 
1 2 19 17 
1 2 
17 11 
17 2 19 
17 19 
17 2 1 
16 3 13 
1 19 12 17 
18 19 
18 19 
1 2 11 17 
1 2 19 14 
17 3 7 
13 
1 13 
13 
1 19 14 
1 13 14 17 19 
17 2 4 
2 4 15 
19 4 
1 2 4 
16 17 3 4 
17 14 
13 
17 19 14 
1 13 14 
1 19 14 
1 13 14 
17 13 
1 2 14 
17 14 
16 13 
18 19 4 
18 19 4 
1 19 17 14 
16 17 13 
16 17 14 
18 19 
18 19 
1 2 13 
1 2 12 
1 12 
1 2 13 14 19 
17 14 
18 19 
5 
17 19 14 
17 
16 13 
19 4 15 
17 
17 
1 2 3 
17 6 
16 13 
17 20 
16 17 
13 
1 19 12 17 
18 19 15 
17 3 
17 
13 14 15 19 20 
19 14 15 
19 14 15 
1 2 4 6 19 
13 
17 13 
17 
16 17 
1 14 17 
17 19 14 15 
1 17 14 
17 11 12 
17 14 
6 7 
13 6 7 
17 6 
13 7 
13 
16 13 7 
17 4 
13 6 7 
17 13 
17 18 19 15 
17 19 
19 13 
13 
17 
13 14 
5 
1 2 13 
16 18 
1 19 
19 
16 17 13 
2 6 7 13 16 
2 4 6 7 13 
17 14 
20 13 
18 13 
18 13 
17 19 
17 19 14 
17 13 
16 17 2 1 
17 13 7 
3 4 13 16 17 19 
16 17 13 
16 17 
17 3 7 
1 2 19 14 
17 13 
13 
1 17 
17 13 
13 6 7 
17 19 
5 13 
17 3 
2 3 6 7 13 
1 19 14 17 
19 
13 
13 
18 19 15 
18 19 
18 19 
18 19 
18 
2 19 15 
17 19 
17 19 14 
17 19 14 
17 14 
17 
16 17 
16 17 11 
19 4 6 
17 
18 19 14 
17 13 
13 14 
19 
16 17 
1 2 19 4 
17 13 7 
17 
17 18 15 
17 13 
17 19 14 
2 3 4 
6 7 
13 
16 17 12 15 
20 13 
1 2 19 
17 19 14 15 
16 17 
17 2 13 
16 17 7 
1 19 15 
16 17 13 
17 
16 13 
17 13 
17 4 13 
1 2 19 17 
1 18 3 
18 19 15 
17 19 14 
4 13 
13 
16 13 
17 
13 15 
13 
16 17 2 20 
1 19 12 
16 17 
17 13 14 
3 13 7 
16 13 
16 17 13 
17 
13 
13 
2 19 13 14 
18 19 
1 2 4 
17 19 13 
19 17 3 4 
1 13 14 17 
17 
18 19 
1 
13 
17 2 11 
17 2 11 
16 17 5 14 
19 4 
1 2 13 17 
1 19 
20 13 14 
16 13 
13 
4 6 
2 3 6 7 13 16 
2 6 7 
13 
17 
1 19 14 15 
1 2 11 12 16 17 
13 7 
13 
17 
13 
2 3 7 
3 
1 18 4 
1 19 4 
1 18 4 
1 18 19 4 
2 3 4 7 13 
1 3 4 18 19 
1 2 19 17 
17 
17 13 
13 
18 19 13 
3 6 7 13 17 
1 2 17 
17 13 
17 12 
1 2 6 
13 
18 19 15 
19 17 11 15 
17 13 
2 4 
1 12 16 17 19 
17 13 
17 20 
16 2 13 
1 19 14 15 
16 13 
6 7 
17 14 
3 4 15 17 18 19 
3 6 7 13 20 
3 6 7 13 20 
2 13 6 7 
3 6 7 13 20 
16 17 3 
17 11 20 
17 13 
17 
17 14 
16 17 19 14 
17 13 
1 
17 
16 17 
17 14 
18 19 
16 13 
16 13 
13 
13 
13 
13 
17 19 14 
13 
1 12 
17 13 
1 13 
16 13 
16 13 
17 11 15 
16 13 
17 19 
16 17 
16 17 
17 14 
18 19 
16 17 20 13 
17 2 6 7 
2 6 7 
18 13 
18 13 
16 17 
13 6 7 
16 17 
17 
19 2 18 
1 2 4 18 19 
13 14 
13 14 
6 7 
17 19 14 15 
13 
13 
13 
16 17 13 
18 19 14 15 
17 11 
18 19 15 
16 17 3 13 
19 15 
17 3 13 7 
13 
16 17 13 7 
13 
17 19 14 
16 17 11 
16 17 
18 
17 20 13 7 
16 17 13 
16 17 13 6 
19 17 11 15 
20 
17 4 
17 13 
1 2 4 
19 11 12 
17 18 19 
1 17 
1 14 17 
18 4 
16 17 
2 13 6 7 
17 
16 13 
18 
17 12 
1 2 19 17 
17 
18 19 4 
17 5 14 
1 4 6 
1 4 6 
17 19 
16 3 13 7 
18 13 
17 19 
17 13 7 
16 2 13 7 
13 
18 19 4 
17 19 
16 17 3 13 
17 19 15 
1 2 19 4 
1 19 14 17 
1 2 13 
1 2 13 14 19 
18 3 13 
17 12 
1 2 13 
19 4 
17 4 
13 14 
16 13 
2 3 6 7 
2 3 6 7 
2 3 6 7 
17 13 6 7 
18 19 
16 13 
16 17 13 
17 19 15 
19 13 14 15 
1 2 19 14 
1 2 3 4 
19 
17 19 1 
2 3 13 7 
2 3 13 7 
2 13 6 7 
2 13 6 7 
2 13 6 7 
2 3 13 7 
2 13 6 7 
2 13 6 7 
2 13 6 7 
2 13 6 
2 13 7 
1 4 6 7 
18 
1 3 4 6 7 
2 4 6 7 
18 19 
16 17 
17 3 4 1 
1 4 13 
17 12 
17 18 19 
17 13 
17 
16 13 
1 4 13 14 
4 13 14 
1 2 4 13 14 
17 
19 4 
16 17 
17 3 7 
1 2 3 4 
1 2 4 
19 14 15 
17 
16 17 13 
17 3 13 7 
2 3 7 13 17 
17 
13 
1 2 13 7 
13 
13 
13 
16 13 
13 
13 
2 4 13 7 
1 2 4 7 13 
1 2 4 7 13 
17 18 19 
1 14 15 17 19 
18 15 
1 17 
1 2 13 14 17 19 
1 2 13 14 19 
1 2 19 13 
16 17 19 14 
13 
17 14 
18 13 
13 
17 13 14 
17 13 14 
1 18 4 13 
13 
13 
17 14 
1 18 19 
16 17 13 1 
13 14 
2 6 7 
17 6 7 
17 6 7 
13 
1 12 17 
1 5 13 14 
16 1 13 14 
17 20 13 7 
17 
1 19 14 
1 4 
4 
13 
17 13 
13 
6 7 
13 6 7 
6 7 
6 7 
16 17 13 
1 2 13 
17 13 
13 6 7 
16 17 12 
17 13 
13 
1 14 15 17 19 
19 15 
19 14 15 
1 
2 4 7 13 14 
1 3 4 14 
1 19 6 14 
1 4 6 
1 14 17 
6 7 
1 3 4 14 
1 2 6 
1 2 6 7 
1 3 4 14 19 
1 6 
1 6 
1 17 6 14 
1 6 
1 2 3 
1 2 4 6 14 
3 4 13 7 
1 2 4 6 7 
1 4 
1 4 
17 2 19 
1 19 
1 2 19 4 
17 11 
17 2 4 1 
1 19 4 17 
1 2 4 17 
13 14 
17 13 
13 
17 12 
17 3 
16 17 3 
16 17 13 
16 13 
16 3 
6 7 
16 13 
13 6 
13 
16 17 
16 3 13 
2 3 6 7 13 20 
16 3 13 7 
2 13 6 7 
13 
13 7 
13 7 
3 13 
19 15 
19 17 18 3 
16 17 
16 17 
16 17 
17 19 14 
16 17 13 
16 17 20 13 
16 17 13 
13 
1 19 12 17 
16 17 
17 3 13 
17 13 
17 
17 
2 
16 17 
6 7 
18 19 15 
17 2 11 
16 17 13 
2 4 15 
16 17 13 
3 6 
17 18 19 
17 20 13 
17 13 14 
13 
2 13 7 
1 13 14 
1 13 14 
1 13 14 
1 13 
16 3 13 
16 17 
19 
17 13 
4 13 
17 
13 
3 7 13 16 17 
13 14 
17 13 
17 
13 7 
17 2 3 
1 2 
1 2 6 7 13 
16 17 2 
13 14 
13 14 
1 13 14 
1 13 14 17 19 
13 
1 2 3 13 15 18 
2 3 4 7 13 
2 4 13 
17 20 13 
17 12 
13 
16 1 2 13 
17 13 
17 11 
17 19 15 
19 13 14 
13 
16 17 19 
17 
17 19 12 
16 13 
18 19 
1 15 17 18 19 
1 13 
1 11 12 
2 3 13 
17 14 
17 
1 19 14 
2 
18 13 
17 
17 19 15 
1 14 15 17 19 
1 18 
1 18 19 4 
17 19 4 
1 2 3 4 18 19 
1 13 17 
18 19 
16 13 
5 13 
13 
16 13 
17 19 4 15 
1 19 14 
17 19 1 
17 19 1 
1 19 
17 19 14 
17 19 14 
17 19 14 15 
18 1 2 3 
1 
17 14 
17 19 15 
17 19 15 
2 
16 17 
17 13 
19 14 
1 19 13 14 
1 4 14 17 19 
16 17 
17 19 14 15 
1 20 13 14 
13 
17 11 
19 15 
16 17 19 14 
1 19 17 
17 19 14 
2 13 6 7 
17 18 2 5 
17 14 
18 13 
17 18 19 15 
17 
18 19 15 
16 17 13 
13 
17 12 
1 3 6 
17 13 14 
16 17 
16 17 19 14 
1 19 14 17 
18 19 
6 7 
13 
17 14 
17 
17 14 
17 14 
18 13 
1 11 12 17 
4 13 
11 17 19 14 
17 19 1 
16 17 13 
16 17 
17 
17 14 
13 
13 
17 15 
1 14 17 
16 17 20 13 
18 13 
18 4 
13 
16 13 
17 19 
17 2 7 
16 13 
13 
16 17 13 
16 17 
16 17 
13 
13 
13 
13 
17 
16 13 
13 
16 17 
17 19 
1 2 19 17 
17 19 14 
16 17 19 
16 17 13 15 
17 1 14 
16 17 
17 19 14 
2 6 7 
2 6 7 
11 1 2 18 
17 19 12 
3 13 
3 13 15 18 19 
16 17 2 13 
16 17 13 14 
1 18 13 
18 19 
16 13 
1 19 14 
1 2 19 13 
1 3 13 
1 19 13 
17 14 
1 19 14 17 
17 14 
1 19 17 
17 19 15 
19 13 
16 17 
17 13 
6 7 
17 
18 13 
17 11 5 14 
13 
17 19 14 
16 17 
19 17 3 
16 17 20 
4 13 
18 
17 19 15 
13 
13 
13 
16 17 13 
17 
16 17 11 
17 
17 20 13 7 
20 13 
17 
13 
13 
13 
16 17 
17 18 19 
2 18 
16 17 13 
19 14 
17 14 
17 19 4 1 
1 4 
1 2 4 
1 2 4 
16 17 11 
16 17 2 13 
1 19 17 
17 19 14 
18 19 14 
19 
19 4 15 
1 19 14 17 
17 13 
16 17 
17 18 
1 4 17 18 19 
2 13 6 7 
2 13 6 7 
5 13 
16 17 12 
13 
18 19 15 
13 
16 17 13 
17 14 
1 2 13 
3 13 7 
17 19 14 
17 2 
16 17 13 
1 2 3 6 7 16 
17 11 12 
16 17 
16 17 13 
17 14 
13 7 
13 7 
18 19 
1 14 
13 
17 13 
16 17 13 
18 19 4 
1 19 17 
1 2 19 14 
17 18 3 13 
1 13 
17 
17 19 1 
2 
18 19 
16 13 
17 14 15 
1 2 19 14 
13 
17 1 14 
16 17 13 
17 
1 4 14 
16 19 13 15 
17 11 
2 3 13 7 
17 13 
17 11 13 
1 2 13 14 19 
1 2 13 14 
3 13 7 
16 17 13 
16 13 
17 
17 19 
17 11 12 
17 11 12 
17 13 14 
17 13 7 
13 
13 
18 19 
1 13 14 17 20 
13 6 7 
13 6 7 
19 14 
17 13 7 
17 19 4 1 
19 17 18 3 
17 6 
18 19 
17 18 
18 
17 19 14 15 
16 17 13 
1 2 
2 3 7 13 20 
17 19 15 
16 17 13 
17 13 
17 19 14 
17 18 19 15 
13 7 
17 19 4 
16 17 13 
16 17 3 7 
16 3 6 
16 3 6 7 
16 17 11 
16 17 
17 18 19 4 
19 1 2 3 
17 
17 13 
16 17 13 
16 17 3 
2 3 7 
17 14 
1 2 5 13 17 
1 5 13 17 
3 4 7 13 17 
1 2 3 
19 14 15 
17 19 14 
1 19 17 
13 
16 17 11 
13 
13 
16 17 3 13 
1 2 19 
17 4 
17 19 14 15 
16 17 
17 4 
17 
13 6 7 
13 6 7 
1 19 4 
18 
18 13 
19 13 14 15 
16 17 13 
17 
1 19 14 
18 13 
16 17 
13 
17 11 
17 4 13 
16 17 19 4 
17 13 
19 4 
17 19 
17 19 
17 
17 19 14 
16 17 
1 19 17 
1 19 
1 19 14 17 
16 17 11 
16 17 19 15 
1 11 12 17 
16 17 4 13 
16 13 
1 2 19 
17 19 14 
1 19 14 
1 2 3 
1 2 3 
17 
4 13 7 
17 19 15 
13 14 16 17 19 
16 13 
16 20 13 7 
1 19 13 14 
1 2 4 15 17 19 
13 
1 4 
1 19 17 15 
17 18 3 
17 4 15 
17 19 4 
17 
1 19 17 14 
18 19 
17 
17 
17 14 
13 
3 13 6 
1 18 13 
19 
1 13 14 
17 19 
16 3 20 6 
17 
16 13 
17 19 12 15 
1 4 6 
1 19 4 5 
13 
17 19 15 
1 14 17 
1 19 14 
1 19 14 
16 17 19 
16 17 20 
16 17 
2 18 4 
17 
18 19 15 
18 3 13 
18 
17 
17 13 
1 4 14 17 
17 19 14 
3 15 17 18 19 
1 19 14 
1 19 17 
2 13 
2 13 
2 13 
17 18 19 
1 2 7 13 16 17 20 
1 2 17 
16 17 19 
20 13 
18 19 
13 
19 4 15 
19 4 15 
19 4 15 
18 19 
2 13 6 7 
16 17 13 7 
18 19 
1 3 17 
18 13 
1 2 
17 
1 4 
19 4 15 
16 17 11 13 
16 17 13 
1 19 
1 13 17 7 
1 13 17 7 
13 7 
13 
13 
17 11 
1 18 19 17 
16 17 13 
17 20 14 
17 2 5 
16 17 
17 14 
17 20 13 
1 2 19 
1 3 4 14 19 
4 15 
17 19 15 
3 13 
18 19 4 
4 13 
17 18 19 
1 4 14 
18 
18 19 
1 2 11 12 17 
13 
13 
20 13 
1 18 3 
1 19 4 17 
2 3 6 7 13 
1 18 19 
3 
1 3 4 18 19 
1 2 19 
16 17 
2 
17 13 
17 18 19 14 
18 19 15 
17 3 5 
1 19 14 17 
17 
17 19 14 
13 15 
17 
18 4 
18 
18 13 
17 19 14 
16 1 2 13 
16 17 12 
17 13 
13 
3 13 
19 3 15 
15 
1 19 
1 19 4 
1 19 4 
1 4 13 
1 19 4 
1 19 14 17 
17 19 13 14 
1 14 15 17 19 
1 19 14 17 
18 13 
17 19 14 15 
13 7 
17 13 
1 18 19 4 
1 2 4 16 17 19 
18 19 15 
1 2 18 4 
1 
17 13 1 14 
1 11 12 17 
16 13 
16 17 13 
3 4 13 
18 19 14 
17 2 19 
13 
17 13 
1 2 4 13 
18 19 
18 
13 7 
17 
17 19 
1 2 7 13 20 
16 17 
1 19 14 
6 7 
13 6 7 
17 
1 2 17 15 
18 4 13 
13 
13 
18 19 15 
18 
17 19 14 
17 14 
17 18 19 
19 14 15 
1 2 19 4 
16 17 
13 7 
13 7 
13 7 
1 18 4 
1 2 13 14 19 
13 
1 2 19 
1 19 
1 19 
1 19 
13 
13 
6 7 
16 17 20 
16 17 
2 13 
1 19 14 
17 19 14 
13 14 
14 15 16 17 19 
17 19 
1 19 14 
1 19 4 
1 19 4 
17 19 15 
1 19 4 
17 
1 19 4 
1 5 
17 5 
13 
17 
16 13 
1 2 19 
16 13 
3 13 7 
1 2 3 4 
2 4 
16 17 12 
13 
17 19 14 
1 18 19 
18 13 
2 3 13 
17 
17 19 14 
17 19 14 15 
17 7 
17 13 14 
1 14 
17 13 
16 17 13 
17 19 14 
17 3 15 
13 
19 18 3 
18 19 14 
17 18 19 
12 13 
19 
17 13 
17 
1 2 4 18 19 
1 19 4 
17 13 14 
19 17 3 
1 19 14 17 
17 19 15 
17 19 14 15 
1 19 
17 15 
17 13 14 
13 
16 1 19 13 
17 11 12 
16 18 
18 19 
18 13 
1 3 12 17 18 
17 
18 19 
1 13 14 
1 6 
1 2 3 6 
1 2 17 
6 7 
17 1 
1 3 4 17 18 19 
17 
3 
2 13 6 
17 18 19 4 
17 
4 13 
1 4 
18 19 15 
13 
16 17 
17 19 1 14 
19 1 3 14 
1 
17 13 
3 13 7 
1 17 14 
17 14 
16 17 20 13 
1 13 
13 
5 
2 3 6 7 13 
13 
17 13 
1 18 19 15 
13 
13 
13 
6 7 
1 2 4 
1 2 3 4 
1 19 13 
19 
17 19 
1 4 13 15 18 19 
1 19 15 
2 4 7 
17 
19 14 15 
13 
1 2 14 17 
17 
1 14 15 
17 11 13 
13 
13 
17 11 13 
18 19 
17 19 14 15 
1 4 
13 
16 17 3 
17 2 7 
1 18 19 13 
1 19 14 
13 
1 
17 14 
16 3 13 7 
17 1 14 
17 1 14 
17 11 
16 17 11 
16 17 13 
3 13 7 
17 19 
11 13 
1 19 4 17 
17 2 
19 
16 17 2 3 
18 19 
16 17 13 
17 11 12 
17 11 12 
17 13 
1 17 
16 13 
16 3 13 7 
13 7 
1 18 3 15 
17 19 14 
1 2 4 
16 17 
19 15 
12 
17 4 
1 19 17 
17 19 
16 17 13 
1 19 14 
17 3 
13 
16 17 15 
13 
2 3 6 7 
16 17 4 
1 19 4 
1 2 3 7 
1 19 
1 19 17 15 
17 18 3 4 
17 
17 13 6 7 
17 14 
1 4 
2 4 6 7 13 
1 4 
1 19 
1 17 
16 19 
16 17 4 
19 4 
13 
3 13 7 
18 4 15 
16 17 13 
17 2 
1 19 
16 1 2 13 
13 
17 
16 20 13 
17 13 
13 
18 3 13 
17 11 20 
1 4 13 
17 4 
19 15 
2 3 
18 
1 2 19 17 
1 18 19 4 
1 19 14 
17 2 1 
3 18 19 
18 19 15 
13 
17 11 
2 3 4 7 16 
17 19 14 
17 18 4 
13 
18 4 
17 
17 19 12 
17 
14 15 17 18 19 
1 19 4 14 
17 19 14 15 
13 
17 4 
13 
17 19 
2 3 16 17 19 
16 17 1 
17 19 14 
16 17 20 13 
16 13 
6 
3 4 13 6 
4 13 6 
13 6 
2 13 
17 3 15 
3 20 6 7 
3 20 6 7 
19 1 2 3 
1 2 3 
1 2 4 
3 4 6 
2 4 
16 17 2 5 
16 17 
16 17 
17 19 14 
1 19 14 17 
1 19 14 
1 19 14 
17 19 13 
13 
17 19 14 1 
16 17 18 19 
16 13 
13 
17 
16 17 19 
17 2 13 
13 
17 1 
1 18 13 
1 14 17 
16 19 14 
17 
3 4 6 7 
17 13 
16 17 13 
16 17 20 
16 17 18 13 
17 3 
16 17 
16 13 
16 17 19 
17 
1 2 14 17 19 
17 13 14 
18 
18 15 
18 15 
18 15 
1 2 3 4 6 19 
1 19 17 
17 13 1 14 
6 7 
17 
6 7 
17 
17 18 19 15 
1 19 14 17 
13 
1 2 19 4 
1 3 17 18 19 
19 
17 14 
1 2 19 12 
16 17 13 7 
16 1 2 17 
17 
17 19 1 
1 
13 
1 2 17 
13 
17 
17 11 12 
4 
16 17 20 
17 18 19 4 
17 19 14 
13 14 15 
13 14 15 
17 
2 4 7 
1 2 19 17 
17 19 15 
16 17 
17 13 
4 13 7 
2 13 6 7 
16 13 
1 2 11 12 16 17 
13 14 15 
16 17 13 14 
17 19 14 
13 
16 17 13 
16 17 20 7 
5 
13 6 7 
1 2 19 
4 
17 
13 
2 3 4 16 17 
16 17 13 
16 17 13 
17 5 
1 19 4 
1 14 
16 17 13 
17 13 14 
13 
16 17 13 
17 19 
19 
18 19 
17 19 14 
17 13 
17 13 15 
1 2 3 4 
16 17 18 4 
13 6 7 
1 14 15 17 19 
17 
17 18 
18 4 13 
3 13 7 
1 13 17 
13 
18 19 13 
13 6 7 
16 17 
19 1 11 17 
2 7 
2 
17 14 
16 17 
13 
13 
13 
16 13 
13 
17 19 14 15 
16 4 15 
17 19 4 14 
16 17 
17 13 
17 
18 
18 19 
18 19 
18 19 
18 19 15 
18 19 
18 19 
18 19 
17 13 
18 19 
16 13 
16 17 13 
16 17 13 
18 13 
1 18 19 14 
1 18 19 14 
18 19 15 
16 17 12 
1 19 14 
1 2 19 
17 6 
17 18 19 1 
17 
19 
2 6 7 
17 
17 
13 
13 
17 12 
13 
13 
16 20 13 
18 19 14 
17 13 
1 
13 
17 12 1 
4 13 6 
4 13 6 
13 6 
3 4 13 6 
1 2 3 7 13 
4 13 7 
17 2 11 12 
1 18 5 
13 14 
17 11 
1 19 4 
17 11 
17 11 14 
17 19 14 1 
16 17 13 
13 6 7 
13 6 7 
16 19 4 15 
17 13 7 
17 11 
16 13 
16 2 13 7 
16 17 13 
6 7 
13 
1 19 17 14 
13 
13 
17 13 15 
17 20 
18 19 13 15 
17 
19 13 14 
1 19 13 
1 19 14 17 
1 14 
3 15 16 17 19 
1 14 17 
1 4 6 
17 4 6 
3 1 18 19 
19 1 3 
18 19 15 
16 3 13 
17 13 
1 3 
1 3 4 7 13 
16 3 13 
1 18 4 
16 17 
1 5 17 
17 
16 17 19 
17 18 
17 
13 
16 17 
18 19 
1 2 17 
17 14 15 
12 
17 
6 7 
19 13 14 
17 
17 
17 13 
17 20 13 
17 
1 2 3 
17 18 19 4 
1 19 4 
16 17 13 
1 2 19 
1 2 19 
17 14 
17 19 
17 14 15 
17 19 15 
1 19 14 
16 17 12 
16 17 13 
13 
1 19 17 
16 17 13 
17 12 13 
1 19 14 
17 
17 14 
17 18 19 
13 
2 18 13 
17 
17 19 15 
18 19 
18 19 4 13 
16 17 
17 
17 11 12 
19 15 
17 13 
13 
18 19 
18 
17 12 6 
17 19 4 
16 
7 13 16 17 20 
20 
16 17 
1 2 19 4 
1 2 4 6 
18 19 14 
17 14 
1 2 19 17 
16 17 13 
18 3 13 
18 3 13 
1 2 14 17 
1 13 
1 18 19 
16 1 19 13 
16 17 3 13 
13 
13 
13 
16 13 7 
1 2 4 
16 13 
16 17 13 
13 
17 
17 7 
1 19 14 17 
17 11 12 
17 20 13 15 
17 11 20 13 
7 13 16 17 20 
13 14 
17 
13 
18 
18 19 
18 19 
18 19 
18 
18 4 15 
18 19 
18 19 
1 12 17 
17 
1 2 11 
1 3 
5 
1 2 19 
17 13 
7 13 16 17 20 
17 18 19 14 
17 19 14 
18 
1 18 3 
17 13 
16 13 
13 6 
13 6 7 
13 
17 13 
1 11 17 
1 19 14 
17 19 
17 19 
19 
1 2 19 14 
1 19 
16 13 
1 2 4 
2 13 
2 13 
16 17 13 
3 13 7 
17 19 14 1 
2 3 7 
2 3 7 
2 3 
2 3 7 
2 3 7 
2 3 15 7 
2 3 7 
2 3 7 
17 19 14 1 
17 12 
17 13 
18 13 
18 
18 19 15 
2 3 6 7 13 
1 19 
17 
17 18 19 13 
17 13 
19 14 
16 17 
1 12 13 17 
16 13 
16 13 14 
17 15 
1 19 14 17 
17 13 
17 
17 3 
4 6 
17 2 13 
1 19 14 
17 5 14 
18 19 
1 3 4 
2 3 4 
16 17 13 
18 
18 19 4 
18 19 12 
17 18 19 14 
13 14 
16 17 4 
2 3 7 13 16 
1 2 
1 13 
17 3 
17 2 11 1 
16 17 13 
17 
17 13 
2 5 
18 19 
17 11 
18 19 15 
17 19 14 15 
17 19 14 15 
16 17 20 13 
5 
5 
17 20 13 7 
17 20 13 7 
7 13 16 17 20 
16 17 20 
18 19 15 
1 4 17 
1 2 3 
1 3 4 
17 
16 17 11 
16 17 13 
13 
16 1 13 
16 17 13 
17 
1 19 14 17 
1 19 14 
1 19 13 
3 13 7 
17 2 13 7 
1 19 4 
13 
17 13 
1 2 19 13 
17 19 14 
17 13 
17 3 
3 4 6 7 13 
13 7 
2 13 14 7 
13 7 
13 14 7 
6 7 
17 13 
1 19 
17 2 13 7 
20 
2 4 13 7 
2 4 13 7 
1 2 4 7 13 
18 
13 6 7 
2 3 13 7 
17 7 
6 
16 17 13 
3 17 18 19 
13 14 
13 
14 15 17 18 19 
2 3 6 7 13 
17 19 14 15 
18 
18 
18 
1 13 14 
1 13 14 
1 13 
1 12 13 
1 12 13 
2 4 13 
13 
17 20 
13 7 
17 11 12 
3 13 6 7 
13 6 7 
2 13 
17 19 
18 13 
18 19 
18 
16 17 2 1 
17 
18 
18 19 15 
18 19 13 
16 13 
16 17 13 
13 
17 19 12 1 
3 13 7 
16 13 
16 13 
16 17 13 
16 13 
16 13 14 
2 3 6 7 
1 2 3 6 7 13 
3 4 13 
18 
2 3 6 
1 2 13 
17 2 7 
1 4 
17 
17 11 
17 2 13 
17 13 
18 19 
17 
16 13 
1 4 17 18 19 
1 2 19 4 
17 
1 19 14 17 
13 
17 
13 
18 19 
16 13 
16 13 
17 
13 
18 19 15 
16 13 
13 
16 17 13 
16 13 
17 4 
1 4 
18 19 
18 19 
18 19 14 
18 19 
1 2 19 13 
18 19 15 
16 17 
1 19 4 14 
2 13 6 7 
6 7 
2 13 6 7 
2 13 6 7 
2 13 6 7 
2 13 6 7 
13 
1 18 13 14 
17 
19 15 
13 14 
2 4 13 
18 19 13 
17 
16 17 3 
3 13 6 7 
17 
17 
13 
13 
16 17 13 
17 19 14 15 
13 
17 3 13 7 
13 
17 4 1 
1 3 17 
17 19 14 
1 19 4 
16 13 
17 
17 13 14 
16 17 13 
16 17 13 
1 19 13 14 
1 19 14 
17 19 14 15 
1 2 11 17 19 
17 19 14 15 
17 19 13 15 
1 14 15 17 19 
13 
16 17 
18 19 15 
17 
1 2 3 17 
16 17 
11 14 15 17 19 
1 19 4 
16 17 4 
17 12 15 
1 2 4 15 19 
1 19 4 6 
17 
1 2 4 
1 2 4 
1 2 
1 2 
1 2 
1 14 15 17 19 
17 19 1 14 
19 
17 13 
17 19 12 1 
13 14 15 16 17 
2 3 7 
17 18 19 15 
1 4 13 
18 
17 20 
17 19 14 
13 6 7 
18 19 
18 19 
17 18 19 
19 14 15 
1 2 13 7 
17 19 15 
17 13 
2 19 4 
2 3 13 15 17 
17 2 4 
16 18 
1 2 19 14 
17 4 
1 19 
17 2 
3 20 13 
16 13 14 
17 18 19 
18 19 4 15 
17 11 
17 
17 11 1 
1 11 17 
1 11 17 
1 17 
1 2 4 
1 2 4 
1 2 4 
1 4 13 
16 1 2 11 
17 15 
17 19 14 15 
13 
16 17 13 
18 19 
16 13 
16 13 7 
17 
13 
16 3 13 
1 2 13 14 
17 3 7 
16 13 
17 13 
17 
17 4 13 
13 
2 3 6 16 17 
17 3 13 7 
17 19 14 
1 14 15 17 19 
1 19 17 
1 3 7 
2 6 7 
13 
17 
1 19 14 17 
17 18 15 
2 6 7 
16 17 
1 5 17 
17 
17 12 
2 3 7 
1 19 
18 19 
18 4 
2 18 19 
18 19 
18 
13 
17 13 1 14 
18 19 
18 19 
17 13 
17 2 3 20 
18 13 
17 13 
1 5 17 
16 17 13 
17 20 
16 13 
18 
18 19 
17 11 20 
11 17 19 
1 2 3 4 6 7 13 
13 7 
17 11 
17 
2 13 15 16 17 
16 3 4 13 
1 2 4 
18 13 
17 19 14 
13 
1 19 
1 19 14 
1 2 13 
1 2 13 14 19 
1 2 4 17 19 
13 
17 19 12 
1 3 5 17 19 
20 6 7 
1 2 4 
1 2 4 7 13 
1 2 3 13 
17 13 
17 19 15 
11 12 16 17 20 
18 
4 
17 11 
1 19 14 17 
16 17 
18 19 
16 17 
16 17 
2 3 7 
2 3 4 
13 7 
16 4 13 
16 17 13 
1 2 3 4 
2 4 
1 2 19 4 
1 2 19 4 
16 17 13 
1 19 17 15 
16 13 
16 13 
16 3 13 
13 
3 7 13 16 17 
3 4 13 
16 17 13 
1 2 6 
1 19 6 
1 3 6 
1 2 3 4 6 
1 2 4 6 
1 2 4 6 
6 
19 17 11 
1 2 13 14 
17 4 
4 13 15 
1 11 12 17 
17 13 
19 14 
2 13 14 
16 3 4 13 
1 13 
13 
13 
1 13 
16 17 7 
2 12 13 
17 
17 19 14 
1 14 
1 2 14 
1 19 
16 13 7 
17 14 
17 2 3 6 
1 18 4 
18 19 14 
19 13 
17 19 14 15 
16 17 19 
19 13 14 
1 2 19 
17 19 
18 4 13 
16 1 19 13 
1 19 
19 14 
1 19 14 17 
17 13 
13 
2 11 12 
1 2 4 17 18 
17 13 
19 14 
1 2 13 
1 2 11 12 17 
13 
1 2 3 4 6 17 
1 2 13 14 
17 
2 3 6 7 
1 13 14 15 
1 19 14 
17 19 14 15 
6 7 
1 13 
16 17 
18 2 3 13 
17 18 19 
16 17 13 
13 14 
1 2 4 15 17 19 
13 
2 11 
18 3 13 
18 19 
13 6 7 
1 2 3 
2 3 6 7 
17 
1 3 13 14 
1 19 14 
6 7 
6 7 
1 2 6 7 13 
1 3 4 13 
1 13 
17 20 
17 13 
1 19 
17 
16 4 
16 17 20 13 
13 
3 13 6 7 
17 
13 
16 17 20 
13 
17 
16 13 
2 3 7 
17 11 
17 19 1 
6 7 
6 
3 17 19 15 
2 3 
16 17 2 20 
16 13 
1 4 13 18 19 
17 19 14 
17 11 12 
18 
2 4 13 
19 1 2 3 
19 1 2 3 
1 2 19 
16 17 13 
16 17 13 
1 2 3 7 13 
17 2 13 
1 2 
1 19 14 17 
16 17 
18 19 
16 17 
13 
14 15 16 17 19 
16 17 
3 6 7 13 16 20 
17 19 14 
17 14 
17 2 11 12 
16 1 19 13 
17 19 14 
1 4 13 
13 
13 
17 19 14 
16 13 
16 17 13 
17 19 13 14 
16 17 
1 19 4 
13 
13 
2 3 
2 3 6 7 
16 17 12 5 
18 
17 13 
2 3 13 7 
17 19 14 
17 11 
18 19 13 
16 17 11 14 
13 
13 
13 
18 13 
17 18 15 
17 18 
18 
1 2 13 14 19 
1 2 13 14 19 
1 2 13 14 19 
1 2 13 14 17 19 
13 
1 2 12 17 
16 17 13 
1 2 4 18 19 
13 
17 13 
1 2 19 
13 7 
13 
17 
16 18 13 
17 
16 17 13 
17 13 
13 
13 14 
17 2 1 
16 17 13 
16 13 
19 12 
1 3 4 18 19 
4 6 7 
18 19 
16 17 
17 
17 19 
6 7 
13 6 7 
17 14 
19 4 15 
17 12 
17 
1 19 
1 2 11 17 
1 5 13 17 
16 17 13 
17 12 13 
16 17 
16 13 
17 2 13 7 
13 14 
13 
17 13 
13 
16 3 13 
18 20 13 
17 13 
16 17 
1 2 19 
17 14 
1 19 
13 14 
1 2 14 17 19 
17 19 
1 19 4 
1 4 17 
16 1 2 4 
16 17 13 
13 
16 17 
13 
17 14 
1 19 14 
1 19 12 17 
13 
16 13 
16 13 7 
16 13 
13 6 7 
1 19 4 
17 2 19 
17 19 14 
17 
17 19 12 
17 
16 17 13 7 
16 17 
17 19 15 
2 4 7 
17 
19 3 
16 17 
16 17 13 
17 20 
16 17 13 
16 17 13 
11 13 
16 17 12 
16 13 
16 17 
16 13 
16 13 
16 17 13 
16 13 
16 17 
13 7 
16 7 
17 
16 17 
5 2 13 
17 19 14 15 
1 4 
2 13 6 
16 1 19 17 
17 19 1 14 
17 11 12 
1 2 13 
1 19 13 
1 19 14 
1 19 14 
1 2 19 4 
1 2 19 4 
1 2 4 17 
1 2 19 4 
1 13 14 
6 7 
6 7 
6 7 
16 13 
18 
16 17 13 
16 17 13 
17 13 
17 20 13 
17 
1 19 14 
16 17 13 
13 
13 7 
17 11 
1 2 3 7 16 
17 
17 14 
16 13 
18 
16 13 
1 14 
1 2 3 4 
1 17 
1 13 
16 17 19 13 
1 19 14 
1 19 17 14 
16 17 13 
16 13 
17 
17 11 
16 17 13 
13 15 
17 19 14 15 
18 19 14 
18 19 14 15 
5 13 
16 3 13 
17 
19 
1 19 14 
17 19 
17 19 14 
17 11 
13 7 
13 7 
17 19 14 15 
3 4 13 
2 6 7 
19 15 
17 19 
17 18 19 
1 2 3 4 
1 3 13 17 19 
1 3 4 
1 2 3 4 
17 13 6 
3 20 13 7 
17 12 13 
2 
1 13 14 
1 2 3 4 19 
16 17 19 14 
17 19 13 14 
16 17 13 
3 13 7 
1 2 5 13 17 
17 2 7 
12 13 
1 
1 2 4 
1 18 4 17 
1 2 19 
16 17 18 19 
1 
17 
17 13 
16 17 13 
16 17 
13 
13 
13 
13 
17 13 
17 14 
1 19 14 
2 
16 12 13 
2 4 13 7 
17 3 15 
16 13 
16 13 
13 6 7 
13 
1 4 6 7 13 
17 4 
16 17 13 
19 15 
16 17 11 
1 3 4 13 17 19 
17 19 14 
17 12 1 
1 2 4 13 
1 4 13 
1 2 4 13 
17 
13 
17 13 
17 1 14 
1 19 14 17 
16 17 13 
17 19 1 14 
1 19 14 17 
17 
1 2 13 14 19 
17 4 
1 2 19 14 
17 3 13 
17 14 15 
17 19 
16 13 14 
2 13 6 7 
6 7 
1 13 14 
17 
17 14 
16 3 13 
17 19 14 15 
2 13 14 
17 2 4 
16 13 
1 2 3 7 
1 2 3 4 7 
16 13 
6 7 
17 11 
17 19 14 
17 
17 
19 18 3 
19 14 15 
17 19 
2 13 6 7 
13 6 7 
13 6 7 
6 7 
13 6 7 
1 19 4 15 
2 6 7 
17 11 
17 3 7 
17 
17 11 
2 3 4 7 13 17 
2 3 4 7 17 
18 19 15 
18 19 15 
17 19 
18 19 
1 13 14 
1 13 
17 2 3 
16 17 7 
17 19 
16 17 13 
1 2 19 12 
1 2 19 
1 2 19 
1 2 19 
1 2 19 
1 2 19 
4 
17 19 14 
17 
13 
2 3 6 7 13 
17 13 
1 19 
17 
13 
16 17 
19 
1 13 14 
17 
11 
17 14 
3 13 6 7 
13 
17 19 4 
16 17 
17 19 4 
6 7 
2 4 6 7 
16 2 13 
2 3 13 
17 3 
17 4 
17 
1 2 19 4 
16 17 13 
16 17 13 
1 3 4 14 19 20 
19 4 
16 17 13 
1 3 
1 3 4 
2 13 
17 19 14 15 
17 13 
16 17 20 
13 7 
13 
13 
17 
2 6 7 
1 13 6 7 
17 19 15 
3 4 13 
19 17 11 1 
2 13 14 7 
1 14 15 17 19 
19 13 14 15 
17 19 14 
17 14 
17 19 15 
16 20 13 
16 13 
17 
1 2 18 4 
13 
16 13 
16 17 13 
13 
18 15 
16 17 
16 13 
17 13 
16 17 20 7 
16 17 
17 13 7 
16 17 13 7 
16 17 
17 
18 13 
16 17 
5 13 
3 6 7 
16 17 13 
16 17 
16 17 13 
17 
17 18 19 15 
4 13 
1 3 4 13 14 17 
17 
17 
1 2 3 4 13 
16 17 13 
17 19 14 15 
13 7 
19 17 3 
1 2 7 14 15 19 
3 13 7 
3 13 
16 17 13 
13 
1 19 14 17 
13 
16 2 13 
13 
16 2 13 
16 13 
1 19 13 14 
1 2 19 15 
1 2 19 15 
17 19 14 
1 2 3 4 6 
17 18 19 
17 2 
1 2 11 17 
1 19 14 17 
1 18 19 17 
13 
13 
17 19 
2 19 14 
17 
13 
17 1 
17 1 
16 17 13 
16 17 4 
1 2 19 
17 19 14 
3 18 19 15 
1 19 14 17 
19 
16 13 
16 17 13 
13 
1 19 4 
13 
13 7 
16 17 20 13 
17 19 14 
1 2 3 7 13 
1 2 3 7 13 
2 3 13 7 
17 19 
1 4 13 18 19 
18 4 13 
18 
17 13 
16 19 15 
19 1 3 
1 18 3 17 
17 19 14 
16 17 
2 3 13 7 
16 17 20 
16 17 
3 13 7 
13 
17 19 14 
16 17 4 
1 19 14 
1 3 6 
17 11 
17 19 14 
1 19 
19 14 
18 19 
13 
16 13 
1 14 15 16 17 19 
17 2 
17 19 
1 19 15 
13 
2 13 6 7 
19 15 
17 
2 
18 3 
17 18 
13 
17 19 
13 
1 2 13 
17 20 
13 
16 17 
19 14 
1 2 13 14 15 19 
17 
1 2 19 17 
18 19 
19 13 14 
16 3 4 13 
1 2 13 
1 2 4 15 
17 13 14 
17 19 
16 13 
19 14 
19 14 
19 14 
17 7 
1 2 19 
18 
19 15 
17 
13 
13 14 
13 7 
13 
17 19 1 15 
13 6 7 
17 14 7 
1 19 
17 18 19 
1 19 
1 4 
1 2 19 
1 13 14 
17 2 
17 14 
16 17 20 
17 14 
1 
1 5 
17 
17 20 13 
16 17 
17 19 
16 13 
17 
1 13 14 16 19 
18 19 
2 13 6 7 
6 7 
18 19 15 
16 17 13 
1 2 19 
1 19 
17 19 14 
16 17 
18 19 15 
5 
2 6 7 
2 13 6 7 
17 19 
17 18 19 
1 19 14 
17 19 
17 13 
17 
13 
16 17 19 15 
18 19 15 
1 19 13 7 
1 2 6 7 13 
1 2 13 14 
1 2 13 14 
18 
18 19 
17 13 
17 13 
19 
1 19 14 
17 
16 13 14 
17 19 14 
17 19 15 
17 19 14 
1 19 4 17 
1 
4 
1 3 4 
16 3 13 
13 6 7 
1 17 
16 13 
2 3 7 
18 19 
1 2 4 
13 7 
1 19 14 
16 5 
17 
2 3 7 
1 4 15 18 19 
17 19 14 
17 3 12 
17 13 14 
16 17 15 
16 6 7 
17 14 
1 4 
17 19 
17 14 15 
18 15 
18 19 
18 
18 
18 19 
18 19 
13 
17 13 7 
16 17 
17 
1 14 
19 17 11 15 
2 3 6 7 13 
1 2 19 
16 17 19 15 
17 19 14 15 
17 13 
16 17 13 
1 
18 19 14 
17 12 
17 19 1 14 
19 17 11 
17 11 12 
2 4 13 
1 2 13 7 
1 2 13 7 
13 14 
17 
16 17 
18 19 
17 19 1 14 
1 2 4 15 19 
16 11 12 
2 13 
18 19 
16 17 3 13 
17 
16 3 13 
2 13 6 7 
17 
2 3 7 
2 3 7 
19 6 
16 17 4 
17 19 14 
17 19 14 15 
17 13 
17 3 14 
17 6 
17 
18 19 
17 18 
18 
2 3 7 
2 3 7 
18 4 
19 
18 19 4 
18 19 
16 17 3 4 
17 15 
17 
13 6 7 
17 
17 19 
17 19 15 
17 19 15 
16 13 
17 19 
1 13 
13 
20 
3 13 7 
6 7 
18 
18 13 
18 19 13 
17 
1 2 3 
1 2 3 
1 2 3 
1 2 3 
1 19 4 
16 20 13 
20 13 
1 4 13 
17 4 13 
18 4 
2 13 6 7 
2 13 6 7 
17 13 
2 4 6 7 13 
1 4 6 
1 2 19 4 
1 18 19 
17 13 1 14 
17 12 1 
16 17 19 14 
16 13 
16 13 
13 
17 3 13 
17 2 6 7 
16 2 6 7 
1 19 14 
1 19 14 
17 19 14 
1 2 3 6 7 
6 
2 3 4 6 7 
13 14 
1 13 14 
1 13 14 
1 13 14 
1 13 14 
13 14 
1 13 14 
1 19 13 14 
1 19 13 14 
1 2 13 14 17 19 
17 
16 17 
18 19 
18 19 
18 19 
6 7 
1 2 11 16 17 
18 4 15 
6 7 
1 2 7 13 20 
20 13 
13 
2 13 6 
13 
1 2 19 17 
17 18 
13 
19 17 3 4 
1 2 4 
17 3 13 
17 
1 2 19 4 
1 19 4 
1 2 19 4 
19 4 
13 
1 19 14 
17 3 15 
6 7 
17 19 14 15 
16 13 
16 17 13 
17 13 
16 17 
17 19 14 
16 18 19 13 
1 3 4 18 19 
17 19 14 15 
17 13 
16 17 13 
17 19 4 
17 13 
18 
16 1 2 3 
2 3 6 
17 13 7 
1 19 17 
17 19 14 
17 13 
13 
13 
19 4 
13 14 
13 
18 14 
2 4 15 
17 
17 15 
1 2 16 17 19 
18 19 15 
18 19 15 
17 11 14 
19 14 
18 19 
16 17 13 
17 15 
1 14 
1 
1 19 14 17 
17 13 
1 2 3 6 7 
6 7 
1 2 19 14 
18 19 4 
18 4 15 
16 17 13 
17 18 3 
3 6 7 16 17 
1 2 5 16 17 
17 
17 11 
13 
17 
16 17 13 
16 13 
1 17 
1 2 3 4 7 19 
17 
13 
13 
17 
17 13 
17 13 7 
1 19 14 
17 
1 2 
17 
17 
16 17 20 
13 14 
16 17 13 
1 19 
1 2 12 17 19 
1 2 19 12 
13 7 
1 19 17 14 
17 19 14 1 
1 11 17 
17 
2 5 6 7 13 
1 19 
1 3 4 
17 14 15 
2 13 
3 13 6 7 
1 2 4 6 7 13 
5 18 19 13 
1 19 14 
17 20 
18 4 13 
16 13 
1 4 17 
17 
19 15 
19 14 
16 17 19 15 
17 
18 19 
18 19 
18 
1 2 13 14 19 
1 19 13 14 
17 2 1 
1 11 13 17 19 
1 19 12 4 
18 19 14 
18 19 
1 13 14 
19 
1 19 4 
19 
1 2 3 
1 18 19 
1 2 11 12 17 
1 19 
1 19 13 14 
17 
18 19 15 
19 1 3 4 
17 
19 
17 19 
16 17 
16 17 
17 
17 19 
16 17 20 13 
17 4 13 
1 19 4 14 
17 18 19 
17 
17 2 12 
19 14 
1 18 4 
1 2 18 4 
1 18 4 
6 
1 18 4 6 
1 18 4 
1 18 4 
16 17 
19 
1 2 4 
2 3 6 7 
2 3 4 7 
19 
16 17 2 
13 
1 7 13 14 19 
16 17 
17 19 14 15 
13 7 
17 20 13 
1 19 4 
1 13 
1 13 
16 17 13 
1 2 14 17 19 
6 7 
18 
18 19 
2 13 6 7 
2 13 6 7 
16 17 5 
3 6 7 
1 19 4 17 
1 2 17 15 
1 19 17 
16 13 
1 19 
17 19 14 
2 13 
2 
1 
13 
16 17 2 1 
1 4 
1 2 4 14 19 
1 2 4 14 19 
17 4 13 14 
1 2 4 
4 13 6 7 
16 17 20 13 
17 20 13 
12 20 13 
1 19 14 
17 
17 
17 
17 
17 
17 
1 18 19 
17 4 12 1 
13 
1 2 4 
16 13 
16 1 2 13 
16 17 13 
16 17 
16 17 
1 19 14 
1 19 17 
13 
1 2 19 14 
17 19 
16 17 
13 
17 19 14 15 
17 18 15 
17 
17 14 
16 13 
13 
3 13 15 17 18 
13 14 
2 3 4 7 
16 17 3 13 
17 20 13 
6 7 
17 
1 2 11 12 17 
1 2 14 16 17 
1 19 13 14 
1 14 15 17 19 
16 13 
1 19 17 
16 13 
17 19 
1 19 
17 19 14 
1 19 14 17 
1 11 17 
1 2 17 
1 2 17 
17 1 
1 19 13 14 
1 19 13 14 
1 19 13 14 
17 13 
16 17 13 
16 17 
2 13 7 
17 4 13 
1 19 17 14 
16 13 
1 19 14 
16 
1 19 14 15 
16 17 4 13 
1 2 13 15 17 
1 3 6 
17 
18 19 15 
17 
1 19 14 15 
17 13 
1 19 17 
1 19 
17 13 1 
13 
2 3 4 7 
17 12 
17 20 
2 3 13 6 
17 19 14 
16 17 20 7 
17 13 
13 14 
17 11 12 
16 13 14 
18 14 15 
18 
18 19 14 
18 19 14 
18 14 
18 19 14 
18 15 
18 19 4 
1 19 14 17 
13 
13 
13 
13 
13 
17 
17 11 12 
16 17 13 
20 13 
17 
2 13 15 
2 3 13 15 
13 15 
18 13 
18 14 15 
18 15 
18 15 
18 15 
18 4 
17 3 13 
19 14 15 
17 14 15 
17 11 
1 19 14 17 
1 2 3 
17 13 7 
17 14 15 
2 3 6 7 
19 15 
16 17 13 
17 
18 19 
13 14 
17 18 13 
16 17 4 13 
1 19 17 
19 4 15 
17 11 
13 
16 17 
17 5 
17 
16 13 
1 2 19 4 
13 
19 13 14 
13 
17 11 14 
18 15 
1 19 14 17 
17 5 20 13 
17 
19 13 14 
1 17 
17 2 11 12 
2 3 
18 19 13 
16 17 
16 17 13 
16 17 13 
16 2 13 
17 
16 13 
13 
17 19 14 
17 19 14 
17 18 
1 2 19 14 
11 
16 17 13 
19 14 
16 13 
17 
17 5 
1 2 5 13 
1 2 5 13 
1 13 
18 19 
1 13 6 7 
18 
18 19 4 
18 4 
17 11 
18 13 
2 13 6 7 
18 19 15 
1 2 13 14 15 17 19 
1 2 14 15 
17 14 15 
16 13 
13 
16 13 
16 17 13 7 
17 
18 4 
1 19 13 14 
1 14 15 17 19 
4 13 7 
17 4 13 7 
17 13 
17 
16 17 13 
16 17 13 
17 
1 13 
2 3 6 7 13 
2 3 6 7 13 
2 3 6 7 13 
2 3 6 7 13 
2 3 6 7 13 
17 19 
18 19 15 
17 19 15 
17 14 
1 14 15 17 19 
16 17 20 
17 19 14 
16 17 13 
2 13 14 
17 19 4 15 
17 11 
18 15 
18 19 15 
18 15 
17 2 4 
18 
16 17 13 
1 5 14 17 
1 19 14 
19 14 
17 19 1 14 
2 6 7 
6 7 13 17 20 
16 17 20 
16 20 13 
19 
16 17 20 13 
18 19 15 
18 
20 13 
20 13 
13 
16 1 2 13 
16 13 
1 13 
1 2 4 15 19 
2 13 7 
1 2 19 
4 
17 13 
19 
18 
16 4 13 
17 19 14 
16 17 
13 
19 14 
16 17 13 
13 7 
19 17 3 15 
17 19 
16 17 3 13 
17 
18 4 13 
17 19 
16 19 5 
16 17 
2 3 6 7 13 
1 2 3 4 13 
1 13 14 
17 13 
18 
17 13 
1 2 13 
1 19 13 14 
14 15 
1 18 19 14 
19 14 
1 2 13 14 15 17 19 
1 19 17 
17 19 
2 13 7 
17 2 3 
3 6 7 
17 19 
1 4 17 
17 18 19 14 
16 13 14 
1 
17 14 15 
16 17 4 15 
1 12 4 
13 
1 2 3 4 
13 
16 17 
16 13 
16 17 13 
16 17 13 
17 
1 19 14 17 
1 2 6 
13 
17 19 12 
2 3 13 7 
3 6 7 
16 17 
1 2 19 
18 19 15 
13 
17 13 
16 13 
1 17 
17 4 15 
19 4 15 
20 13 6 
19 18 3 4 
1 2 4 13 17 19 
1 17 
19 4 15 
1 2 19 
3 6 7 13 17 
4 6 
4 13 
13 
16 13 
16 13 
1 11 17 
1 2 3 4 18 19 
17 
13 
1 12 17 
1 18 4 
1 18 4 
1 19 4 
1 2 14 
1 2 19 14 
1 2 19 
1 4 7 
17 19 15 
4 
2 3 13 17 20 
17 19 15 
1 3 
1 2 3 
1 2 3 
2 13 
2 5 6 7 13 
2 3 6 7 
16 3 13 
19 4 
18 19 
18 19 
1 19 
11 17 19 
13 
16 18 4 
17 14 
17 13 14 
1 13 14 
1 19 14 
1 13 
1 2 13 7 
1 2 13 7 
1 2 4 7 13 
1 13 7 
2 5 
1 4 17 18 19 
17 12 13 
17 19 4 
17 14 
3 6 7 
1 19 13 
17 
1 2 4 
1 2 19 4 
1 2 19 4 
1 2 19 4 
1 2 4 17 19 
1 2 19 4 
1 2 19 4 
1 2 4 
2 4 
1 2 19 4 
2 4 15 
1 2 19 4 
1 2 19 4 
1 2 4 
1 2 4 
1 2 4 
1 2 4 
1 2 3 4 6 19 
1 2 3 4 
13 
16 2 3 7 
2 4 
2 4 
1 2 4 16 17 
17 
18 
1 2 19 4 
1 2 18 4 
1 2 4 
1 4 6 
13 14 
16 13 
16 17 13 
1 
17 19 15 
18 19 
1 
16 17 13 
13 
16 17 20 14 
16 17 20 
16 17 
16 17 20 
16 17 20 
17 18 19 15 
16 17 
17 11 
17 13 
18 19 
17 
13 
18 19 15 
13 6 7 
17 18 19 
1 19 14 17 
17 
19 
1 13 
13 6 7 
1 2 7 
17 20 
17 19 4 14 
3 20 6 7 
16 17 3 13 
17 13 
19 14 
19 
1 2 19 
1 2 19 4 
1 19 14 17 
1 19 20 
1 19 13 
1 19 14 15 
1 13 
17 19 14 
3 
2 13 6 7 
17 13 
13 
16 17 13 
17 19 14 
19 1 3 
1 2 19 
1 19 14 
17 18 19 
1 3 4 14 
16 17 12 
16 17 2 13 
17 11 
16 17 19 14 
6 
16 17 
16 17 
19 4 
17 13 
1 13 17 
19 4 15 
13 14 15 
13 
13 
1 2 3 4 
1 4 13 
1 2 3 4 
1 4 6 
1 2 3 4 
1 2 3 4 13 
1 2 4 
1 2 3 4 
1 2 6 
1 2 6 
1 2 6 
13 6 7 
1 19 4 
19 
16 13 
1 19 14 
19 15 
18 
17 18 20 
17 13 
16 13 
16 17 
17 
19 14 
16 13 
2 3 13 16 17 
1 19 14 
13 
17 19 
17 
17 19 
17 13 
17 14 
17 
2 13 6 7 
1 2 11 12 17 
16 17 13 
17 19 
20 
13 14 
17 13 
1 19 14 
1 19 14 17 
1 
1 19 14 17 
1 19 17 15 
17 20 13 
16 18 3 
2 3 4 6 
18 
16 17 
13 
16 17 13 
16 13 
13 
17 13 
6 7 
1 13 6 7 
1 2 13 
1 3 4 13 
1 2 6 7 
2 6 7 
1 19 13 14 
1 13 14 
1 13 
1 13 
17 14 
1 2 6 13 20 
1 12 17 
3 13 
13 
20 7 
16 3 13 
1 2 3 4 13 
1 2 4 7 13 
1 2 3 4 7 13 
1 2 3 13 
18 13 
1 4 14 17 19 
17 19 14 15 
20 13 
1 2 14 16 19 
1 19 4 
1 19 4 
1 2 19 4 
17 19 4 1 
17 13 
17 11 12 
18 4 
18 19 
17 19 14 15 
17 13 
17 13 
16 13 
17 13 
13 
13 
17 2 13 
1 2 3 
17 11 
1 19 15 
16 13 
17 
1 19 13 14 
2 4 
1 19 4 15 
1 2 13 14 19 
18 
19 14 
1 2 19 4 
16 13 
1 19 13 
17 19 14 
17 
3 13 7 
16 3 19 
1 2 3 13 
1 4 13 
17 13 
16 1 2 17 
2 4 7 
1 2 6 7 15 
16 2 12 
16 17 3 
16 17 
17 19 1 14 
11 12 5 
1 2 3 
1 2 3 
17 19 14 
16 17 13 
17 18 19 
19 4 
17 13 
17 13 
1 13 6 7 
1 13 
4 6 
1 19 4 
2 3 6 7 13 
16 17 13 
18 19 
2 13 6 7 
1 19 4 15 
16 17 
13 14 
1 2 19 
16 17 13 
17 11 1 
1 5 17 
17 2 4 13 
17 19 4 
18 
18 15 
19 
17 
18 19 
1 11 14 17 19 
17 18 19 
16 13 
17 14 
13 7 
17 19 14 
17 19 14 
17 14 
17 11 12 
18 19 4 
1 13 14 
16 17 2 19 
17 
17 
13 
17 
17 13 
13 
16 17 
16 17 14 15 
16 17 11 
18 
2 3 7 
16 17 2 
1 
17 13 
1 2 19 13 
13 14 
17 13 
17 19 14 15 
13 
13 
13 
18 
16 17 11 12 
6 
17 
1 2 4 7 
18 15 
17 20 13 
17 
17 14 
18 4 
16 17 2 
16 6 
1 20 13 14 
17 13 
19 15 
1 16 17 19 20 
17 19 14 15 
1 19 4 
2 3 6 7 13 16 
17 
1 19 14 
1 19 14 
1 2 3 7 13 
13 
1 11 17 
1 
1 19 17 15 
1 19 
1 19 17 
1 19 17 15 
19 4 
3 13 6 7 
18 19 15 
1 2 3 6 
17 12 
19 
17 18 19 4 
3 13 
19 3 13 
13 
17 19 14 
16 13 
17 13 
13 
17 11 12 
16 17 
17 
17 13 
18 19 4 
16 17 2 13 
1 2 3 13 19 
17 13 
18 19 13 
16 17 
17 
19 4 
17 19 4 
17 19 4 14 
18 19 
17 19 13 
19 
13 
18 19 15 
13 
19 
3 13 7 
2 3 6 7 17 
19 1 2 18 
17 
18 19 4 
13 
18 19 
17 19 14 
18 19 15 
17 19 
16 17 
17 
2 3 7 
2 3 7 
2 3 7 
1 4 
1 19 4 6 
17 
16 17 13 7 
2 3 4 
19 17 11 14 
17 
17 19 14 15 
17 3 13 
1 19 
18 19 
18 19 
1 18 4 
17 
17 
17 20 13 
17 
17 19 
17 13 
1 19 
17 4 6 
18 19 
18 
1 19 14 
17 11 14 
17 19 15 
17 19 1 14 
17 14 15 
17 14 
1 2 19 4 
17 19 14 
1 2 19 17 
17 12 
1 2 3 4 18 19 
19 17 18 3 
19 14 15 
2 3 6 7 13 
19 1 3 
19 1 3 
17 11 
16 17 19 14 
3 15 16 17 19 
13 14 15 16 19 
2 13 6 7 
19 15 
17 
17 
17 2 13 
3 
17 19 1 14 
1 19 14 17 
17 11 
1 18 19 4 
18 19 
1 2 19 4 
1 19 
17 19 4 
1 19 14 
18 19 4 
17 19 1 14 
17 19 
17 12 
18 19 
17 19 14 
17 13 
2 18 
19 2 18 
18 19 
16 17 13 
17 18 19 15 
3 4 17 18 19 
1 12 14 17 19 
17 19 14 
17 18 14 
16 17 
13 
17 13 
13 
1 2 12 
17 19 14 
17 
13 
4 
17 
1 2 13 
17 20 
1 14 15 17 19 
17 19 
16 17 13 
16 17 
17 
17 14 
16 17 11 
16 13 
17 
1 2 13 
19 15 
17 2 
17 19 
1 2 19 17 
17 13 
17 11 
2 3 6 7 13 
1 2 4 
17 
1 19 14 
16 17 12 
17 13 
18 19 15 
1 19 14 
16 17 13 
18 
17 18 19 14 
17 18 19 
18 19 15 
1 19 
1 2 19 
1 2 19 
17 19 
17 3 13 
1 2 3 15 
17 18 19 
19 14 15 
18 4 15 
17 2 3 
1 13 14 
16 17 3 13 
16 17 13 
17 19 15 
1 19 14 
1 19 14 17 
16 17 
18 13 
1 2 3 4 19 
17 19 
17 
1 4 
17 19 4 15 
18 15 
18 13 
19 1 11 17 
17 19 15 
17 
16 17 13 
13 
17 13 
13 
3 13 7 
16 4 13 7 
17 11 12 
17 18 4 
18 19 4 
18 19 
1 2 3 
18 19 
17 19 14 
4 14 15 17 18 19 
17 11 
16 17 2 4 
16 17 2 12 
19 4 
17 2 6 7 
1 19 14 
18 13 
19 14 
1 2 14 15 19 
13 
17 13 
18 19 
17 19 14 
17 19 15 
13 7 
16 17 6 
18 3 
17 19 1 14 
1 2 5 12 13 17 
17 19 14 15 
1 19 14 
2 
19 15 
17 18 19 15 
13 
13 
16 17 19 
1 19 14 15 
17 3 4 6 
1 14 15 17 19 
17 18 19 
17 19 14 15 
17 4 
17 19 
1 2 14 17 19 
17 14 
17 14 
17 19 1 14 
1 13 
17 2 13 7 
1 2 13 
2 3 
2 6 7 
16 17 13 
17 
11 17 19 
17 18 19 
5 
1 2 5 13 
2 13 7 
16 17 13 
17 13 
13 
1 11 17 
17 
17 13 
17 
13 
2 11 12 17 19 
16 17 
6 
1 11 12 
1 2 5 
19 1 2 3 
17 7 
1 13 14 
18 19 
17 3 14 
1 19 17 
17 14 
18 19 15 
18 19 
18 19 
1 19 13 14 
1 
1 19 15 
13 
1 17 14 
1 2 12 17 
18 3 
17 19 
16 17 19 
13 
13 
13 
19 4 
1 13 14 
17 5 14 15 
3 7 13 15 19 
3 18 19 15 
18 19 
17 18 19 
13 
1 13 14 
17 2 19 1 
17 
19 15 
17 2 13 1 
18 19 
18 19 
1 18 14 
2 4 13 7 
1 2 3 
1 2 3 
2 3 
3 2 19 
16 13 
17 
17 5 
1 18 19 
16 17 
1 2 4 16 19 
3 13 
17 
16 13 
18 15 
17 18 
17 13 
18 
17 18 14 
18 
16 17 19 
3 6 7 
16 2 6 7 
17 
16 18 19 
2 3 4 
1 2 19 4 
2 19 4 
2 4 
13 
17 
1 2 19 
17 19 1 14 
17 2 19 
2 
1 2 17 
17 
17 
17 
17 19 14 
17 
19 17 3 16 
2 3 15 
19 17 11 12 
13 
16 17 
16 17 11 13 
17 
13 
13 
13 
1 2 4 
1 2 4 6 7 
2 3 7 
17 19 14 
17 19 13 14 
18 19 
18 
17 19 
13 
17 19 14 
13 
1 
1 13 
17 13 
19 4 
16 3 13 
1 2 3 14 17 19 
2 3 4 13 
18 4 
19 
2 3 4 6 7 
17 11 
1 2 19 4 
1 14 
1 2 19 14 
3 17 19 15 
16 17 13 
13 
16 1 2 13 
17 13 
17 
17 2 3 
2 6 7 
1 2 17 7 
1 2 7 16 17 
2 7 
19 14 15 
3 13 7 
17 
17 13 
1 19 14 17 
17 19 14 
17 19 1 14 
17 11 12 
17 13 
1 19 17 
17 13 
17 11 
17 13 
19 15 
19 13 14 
16 17 15 
2 6 7 
2 6 7 
4 15 17 18 19 
1 2 3 7 
1 2 19 13 
1 19 17 
2 19 4 
18 19 4 
17 11 
17 18 19 
18 19 
16 17 20 13 
18 19 
17 
16 17 13 
1 2 3 12 
2 7 
16 1 6 
1 2 11 12 16 17 
17 
17 11 12 1 
16 17 7 
1 19 14 
1 2 4 
17 
3 6 7 
1 2 3 
18 19 4 
18 19 
17 19 
19 1 3 4 
17 11 1 
3 
17 3 
1 13 
1 2 
2 
1 2 5 17 
1 3 6 7 13 
1 2 3 6 7 13 
17 
16 17 
1 2 3 13 16 17 19 
1 2 3 
1 2 3 13 
17 2 13 
17 19 14 
16 17 13 
17 
17 19 14 
17 6 7 
13 6 7 
2 6 7 
16 17 13 
6 7 
6 7 
6 7 
2 3 6 
16 13 7 
17 19 
1 2 19 
2 13 7 
4 13 16 17 19 
19 
1 2 5 
1 14 15 17 19 
1 11 12 17 
16 17 
17 13 
17 13 
17 19 14 
6 7 
17 2 3 6 
1 2 3 
1 2 3 
1 2 3 
18 19 
1 2 14 15 19 
18 13 
17 
1 2 4 
3 13 7 
16 13 
13 
18 
17 3 
16 17 
16 17 
19 4 
17 19 
13 
16 13 14 
17 
1 2 5 
16 17 
17 19 14 
1 13 14 
17 4 
1 19 14 
1 2 17 
17 4 
17 
1 19 13 14 
2 14 15 17 19 
5 
17 14 
17 2 
1 2 19 
1 
16 4 13 
17 
17 19 15 
6 7 
1 2 19 17 
17 2 4 
16 3 13 14 
2 5 13 16 19 
17 
1 13 14 17 19 
1 4 
1 2 19 4 
1 2 19 4 
1 19 4 15 
13 
17 
1 19 14 
3 1 19 13 
12 13 
16 17 
17 11 
1 2 11 12 17 
17 18 19 
16 1 13 14 
14 15 17 18 19 
13 7 
2 19 5 
17 2 11 1 
18 19 4 
16 13 
1 3 4 13 18 
17 11 12 1 
1 2 3 15 16 17 
17 2 
18 
17 18 19 15 
17 
1 2 3 18 19 
1 2 3 17 18 19 
19 1 2 3 
17 3 13 7 
2 13 7 
20 13 7 
16 13 7 
1 13 14 
1 13 14 
1 13 14 
17 19 15 
16 17 13 
17 
1 13 16 17 19 
1 2 14 15 17 19 
18 19 
1 14 15 17 19 
17 2 3 7 
17 2 3 7 
13 
17 
13 7 
16 17 11 
2 
16 17 19 14 
1 13 14 15 19 
13 
13 
19 14 
3 6 7 
3 4 15 17 19 
18 19 15 
17 
16 17 
1 19 14 
17 19 15 
1 19 
2 13 6 7 
16 3 4 13 
13 
17 3 13 7 
1 19 4 
17 18 19 
1 19 4 
16 17 13 
16 17 13 
17 18 19 
17 
1 13 14 
18 19 
17 
17 18 19 15 
17 5 
17 14 
13 15 
19 14 15 
1 2 11 12 17 
1 7 13 17 19 
18 19 15 
3 4 6 7 
16 17 
19 
17 13 7 
16 17 13 
16 17 13 
17 11 
17 
17 15 
17 11 12 1 
1 19 
6 
1 19 15 
13 15 17 18 19 
17 19 
19 13 14 
16 17 13 7 
13 14 
17 
16 17 
1 2 
16 17 19 
16 13 
17 12 
16 17 
16 17 
1 7 13 14 15 
13 15 
13 15 
2 13 6 7 
17 14 
17 13 
13 
17 19 14 15 
2 3 6 7 
1 2 
18 19 
18 
17 2 
17 19 15 
1 19 
16 13 
2 6 7 17 20 
16 20 6 7 
2 3 7 13 16 
16 13 7 
16 17 13 7 
20 13 
17 
19 18 3 
16 17 13 
1 19 14 17 
1 19 
1 19 17 
18 19 4 
18 19 
1 18 19 
16 3 13 
17 
18 
17 
1 2 
1 2 5 17 19 
17 19 4 
16 17 13 
18 
1 19 14 
1 19 14 
17 11 
17 19 14 
19 
16 17 
18 
16 13 
1 19 
17 3 7 
16 17 
17 3 6 
15 16 17 19 20 
17 18 19 
18 19 15 
18 19 
16 17 
17 19 1 14 
13 
2 3 6 7 
2 3 6 7 14 
19 15 
16 2 6 
18 13 
13 
17 2 19 5 
16 13 
5 13 
16 13 
17 11 
18 19 15 
17 18 19 
13 
17 19 
17 18 19 
1 2 19 14 
17 2 
2 13 6 7 
17 13 
1 2 19 
20 13 
1 2 4 7 
18 4 20 13 
1 13 14 17 19 
16 17 
17 18 19 
17 11 12 
17 14 
17 13 
6 7 
17 18 
16 17 13 
17 13 
17 20 
1 2 19 13 
1 4 
18 19 15 
1 2 4 16 19 
17 5 
13 7 
13 
17 3 13 7 
3 13 7 
2 13 7 
17 
16 17 11 
17 3 13 
1 19 14 
1 2 3 
1 2 3 
17 
17 
5 
17 13 
17 
17 3 7 
16 17 14 15 
17 2 
2 13 6 7 
17 2 3 13 
3 6 7 
13 
17 3 6 7 
3 6 7 
2 3 7 17 19 
1 19 14 
18 19 
16 17 13 
16 17 13 
17 3 
1 2 3 4 19 
13 7 
17 18 19 
17 14 
18 19 
16 17 
16 13 
17 19 1 14 
17 19 12 
19 4 
17 19 14 
13 6 7 
17 13 
17 2 13 7 
13 
17 19 15 
17 18 19 15 
17 
17 18 19 15 
17 19 14 
2 3 6 7 13 
3 13 6 7 
17 
17 
1 2 3 13 17 
16 17 20 7 
16 17 13 
1 19 
16 17 13 
2 3 7 
1 4 13 14 19 
1 13 7 
1 2 19 
17 13 
18 17 2 3 
17 19 
13 
17 13 
18 19 15 
1 4 13 
17 13 14 
17 
18 19 15 
17 2 13 7 
1 19 17 
3 13 6 7 
1 17 14 
17 
16 13 
16 17 13 
6 7 
18 19 15 
17 19 14 
1 2 19 14 
2 6 7 
17 3 6 
18 19 15 
17 11 
3 19 
17 13 
1 19 4 
18 19 
18 
18 
18 
16 17 
13 14 15 
17 11 12 
18 19 4 15 
18 4 
19 15 
19 4 15 
16 17 13 14 
13 
2 5 14 15 17 
1 2 19 13 
13 
6 7 
1 2 4 
16 17 3 
16 13 
16 1 19 
1 18 19 
1 19 
17 19 14 
18 19 
1 18 4 13 
6 
1 19 14 
1 19 14 
1 2 5 17 
17 3 
17 13 
17 2 13 6 
19 13 15 
17 13 
19 14 
18 19 15 
1 19 4 13 
2 13 6 7 
16 2 3 
16 17 2 3 
16 17 2 3 
16 17 2 3 
19 
16 13 
18 19 15 
17 18 19 
19 17 11 14 
17 19 14 
13 
17 19 15 
18 19 
18 
17 
17 19 15 
17 14 
16 17 
18 19 
17 20 14 
3 4 13 
13 
3 13 
18 19 13 14 
13 
16 17 
17 2 19 
18 15 
17 2 19 
17 19 13 
18 19 4 
18 19 
1 2 14 17 19 
1 2 3 5 19 
13 
19 15 
17 12 
2 3 7 
13 
1 19 17 
17 2 13 
17 2 11 
16 17 
1 14 
17 13 
17 13 
13 
13 
13 
16 13 
17 19 14 
17 14 15 
13 14 
19 13 14 
17 19 
18 19 15 
6 7 
2 5 
6 
17 11 12 
13 
18 15 
18 2 3 
18 3 13 
2 3 7 
17 18 
17 13 14 
17 18 19 
1 2 3 4 
18 
17 18 19 
17 18 19 
16 17 13 
17 
17 19 
1 2 19 
1 4 13 
17 
1 4 14 16 18 
16 17 
13 6 7 
19 4 15 
17 19 4 15 
17 19 14 
16 17 11 
17 3 4 
17 2 19 14 
18 
17 
16 13 
17 19 4 
18 19 
1 4 13 17 19 
1 5 13 
13 
1 18 19 4 
1 19 14 
1 19 14 17 
16 13 
16 13 
18 19 
18 19 
16 17 
17 18 19 
17 
17 19 
17 
13 
17 14 
20 13 
1 13 
17 13 
16 1 13 
17 
1 2 3 
1 2 3 
13 7 
5 13 
17 20 15 
16 17 15 
17 13 15 
1 19 15 
1 2 13 
17 13 7 
13 
13 7 
16 17 
17 11 
13 14 
2 3 6 7 
1 2 19 
17 19 4 15 
19 17 3 4 
17 12 
17 
2 3 4 7 13 
19 4 
1 19 4 14 
19 4 
1 2 4 
16 17 13 
2 3 6 7 
2 3 6 7 
2 6 7 
2 3 6 7 
6 7 
17 19 15 
16 17 19 
1 2 3 4 7 13 
12 13 
14 15 16 17 19 
19 17 3 13 
1 2 12 16 17 19 
17 14 
16 13 
16 17 
17 6 
17 
17 19 
1 3 
17 
1 2 5 11 17 
13 
17 13 
1 2 19 
1 2 17 
1 2 4 7 15 
17 13 
3 13 7 
16 13 
17 13 
16 17 12 1 
13 
1 2 11 12 17 
1 
16 17 
1 2 19 4 
17 19 14 
1 13 
13 6 7 
13 6 7 
13 6 7 
13 6 7 
6 7 
3 4 13 
1 14 17 
17 2 
17 13 
17 
1 18 19 
1 19 14 17 
17 14 
13 
17 19 1 14 
17 19 14 15 
17 
17 19 4 15 
1 2 4 
1 2 4 
1 2 4 
1 2 4 
1 19 14 
1 2 19 14 
19 14 15 
1 19 14 17 
17 2 19 14 
2 3 4 6 7 
1 18 
1 18 4 13 
1 4 13 18 19 
17 19 14 
18 
18 19 
5 13 
19 
17 
18 3 
2 6 7 
1 2 4 
1 2 4 
1 13 
16 17 
17 2 12 
17 14 
17 2 5 
1 19 
1 13 
16 1 19 14 
17 14 15 
17 
17 19 14 
17 
18 19 15 
13 
3 4 7 16 17 
18 13 
6 7 
1 2 4 13 
18 19 
13 
1 7 13 14 19 
17 18 13 
13 
19 4 15 
16 17 12 
16 17 2 3 
3 4 17 18 19 
17 15 
17 13 
1 2 14 17 19 
1 2 17 
17 2 7 
17 
17 19 13 14 
16 17 
5 
16 13 
16 13 
16 17 
19 
1 19 12 17 
1 19 4 
17 3 
19 1 3 
17 12 
17 13 7 
13 
1 19 
1 19 
19 15 
18 
17 19 4 
16 17 13 
1 13 
1 2 13 7 
16 2 6 
17 12 13 
19 1 3 
1 18 3 
1 18 
19 1 3 4 
1 2 3 4 19 
1 2 19 17 
1 19 14 
1 19 
17 
13 
5 
18 19 
1 11 14 17 19 
1 19 4 14 
1 4 15 18 19 
1 2 19 4 
1 4 
17 19 14 15 
1 14 
1 19 
1 2 19 17 
17 
2 13 6 7 
16 13 
13 
16 17 
16 17 3 4 
17 4 
13 
18 19 
3 1 19 
18 19 
2 13 
18 19 
16 13 
17 2 3 1 
2 6 7 
11 17 19 12 
1 3 13 15 18 
16 18 13 
1 3 17 18 19 
18 13 
1 18 2 
13 
13 
4 15 16 17 19 
17 18 19 
1 19 17 
17 19 1 14 
16 17 13 
13 
19 
17 20 
17 
17 13 14 
1 2 19 
14 15 16 17 19 
19 13 14 
17 
18 19 
18 19 
18 19 
1 2 19 4 
16 17 
17 19 4 
16 17 19 14 
18 4 15 
1 3 4 14 15 19 
16 13 
18 19 4 
17 3 6 
1 19 4 14 
1 18 4 
18 19 
13 
1 19 4 17 
16 17 13 
17 
17 13 
18 19 14 
16 17 
13 
17 6 
20 13 
13 
16 17 20 
17 2 
17 2 19 1 
2 6 7 
17 14 
17 14 
6 7 
17 12 6 
13 
1 19 14 
1 19 14 
17 13 14 
17 12 
2 19 4 
1 2 3 
19 4 
16 18 13 
1 17 
17 13 1 
1 13 
1 4 15 
16 17 
17 2 6 
1 2 
13 
13 
13 
17 
18 
17 18 19 
16 17 20 
17 13 7 
17 19 
17 19 14 
1 11 12 
16 13 
16 17 
13 
16 3 13 
17 13 
13 
13 
1 2 14 
17 
13 
13 
13 14 
17 20 14 
1 2 4 5 17 18 19 
13 
17 13 
17 7 
13 
16 17 13 7 
13 
16 17 3 
17 19 
16 13 
16 17 13 
17 13 
17 18 19 15 
17 
16 17 13 
13 
18 13 
16 13 
16 13 
16 17 
17 13 
16 13 
18 19 
16 3 13 
17 6 
17 
1 2 11 12 17 
16 17 13 
3 7 
17 13 
16 17 13 
17 
17 20 
12 13 
17 6 7 
17 19 
13 
16 20 13 
1 2 17 7 
1 19 17 
17 13 
17 18 19 
1 19 14 15 
1 2 19 13 
3 6 7 13 14 
17 
13 
2 13 6 
16 17 19 15 
17 
19 13 14 
17 19 14 
17 13 7 
1 2 13 
17 
17 19 13 
1 13 
17 14 15 
1 2 4 5 13 17 
17 2 1 
19 2 18 15 
3 7 
16 13 
16 13 
17 13 
17 11 12 1 
16 17 3 
6 7 
17 
17 
16 17 3 15 
17 13 
18 13 
17 13 
1 2 19 13 
16 17 19 14 
17 14 15 
2 3 7 13 17 
17 3 6 7 
18 19 
18 19 
17 2 
17 
17 13 
17 13 
1 2 4 6 
16 17 13 
19 17 11 
1 4 17 18 19 
16 13 
18 19 
2 
2 13 6 7 
19 15 
16 17 3 13 
13 15 
18 19 
18 19 
18 19 
18 19 
18 19 
18 
17 5 1 
18 
1 2 4 
1 2 3 4 
1 2 3 4 
1 2 4 
1 2 19 4 
1 2 19 4 
1 2 19 4 
17 
1 
1 2 19 14 
1 2 14 
17 
16 17 
1 14 17 
2 13 
3 20 6 
16 13 
2 13 6 7 
1 19 17 
16 13 
17 
1 13 
16 13 
1 2 19 
16 17 13 
17 
4 13 
1 2 5 17 
2 5 
1 4 5 17 
1 2 7 14 15 17 19 
1 2 3 13 
17 13 
18 19 15 
16 13 7 
17 13 
16 17 13 
16 13 
17 
17 19 4 
13 
13 7 
19 1 3 4 
2 3 4 7 
17 2 1 
13 
11 17 19 
17 19 14 15 
1 18 13 
18 
18 13 
16 13 7 
13 
13 
3 13 7 
2 13 6 7 
17 19 14 
