19913 16 17 13
74945 2 7
333371 4 15 17 18 19
4951 16 17 13
58547 17 13
10035 16 17 13
7840 1 2 3 17
11674 13 7
13654 6 7
10481 13 7
9282 17 19 14
389 17
17134 1 2 19 17
195269 1 2
76203 17 11
44115 17 2 19
44982 17 19
58857 17 2 1
10096 16 3 13
300671 1 19 12 17
155084 18 19
3021 18 19
1492 1 2 11 17
2207 1 2 19 14
40205 17 3 7
16996 13
11519 1 13
84165 13
584 1 19 14
136400 1 13 14 17 19
173 17 2 4
62 2 4 15
4437 19 4
14161 1 2 4
844 16 17 3 4
8065 17 14
107811 13
470 17 19 14
64688 1 13 14
37645 1 19 14
187017 1 13 14
2750 17 13
13989 1 2 14
1429 17 14
6557 16 13
170 18 19 4
1562 18 19 4
192102 1 19 17 14
20453 16 17 13
1280 16 17 14
4513 18 19
42941 18 19
62206 1 2 13
1271 1 2 12
53182 1 12
12138 1 2 13 14 19
166666 17 14
284564 18 19
5176 5
7291 17 19 14
2009 17
2752 16 13
332502 19 4 15
109410 17
311291 17
64686 1 2 3
38142 17 6
1824 16 13
3682 17 20
323674 16 17
287689 13
252178 1 19 12 17
82657 18 19 15
422 17 3
65 17
1958 13 14 15 19 20
3489 19 14 15
8224 19 14 15
12244 1 2 4 6 19
200713 13
8827 17 13
283235 17
453 16 17
11471 1 14 17
324807 17 19 14 15
11344 1 17 14
5902 17 11 12
1607 17 14
9487 6 7
13187 13 6 7
17979 17 6
850 13 7
11247 13
74018 16 13 7
185 17 4
532 13 6 7
130739 17 13
340837 17 18 19 15
48231 17 19
101519 19 13
85435 13
881 17
623 13 14
391 5
6399 1 2 13
252171 16 18
47964 1 19
288281 19
9726 16 17 13
15789 2 6 7 13 16
530 2 4 6 7 13
8194 17 14
704 20 13
139038 18 13
184345 18 13
127846 17 19
59 17 19 14
270010 17 13
9476 16 17 2 1
11287 17 13 7
8067 3 4 13 16 17 19
45156 16 17 13
283227 16 17
19101 17 3 7
81390 1 2 19 14
141043 17 13
8976 13
8409 1 17
348678 17 13
14447 13 6 7
1988 17 19
188161 5 13
258230 17 3
77459 2 3 6 7 13
241239 1 19 14 17
157849 19
37719 13
9429 13
23437 18 19 15
10072 18 19
10131 18 19
10160 18 19
10014 18
12403 2 19 15
322125 17 19
1965 17 19 14
9559 17 19 14
21575 17 14
293 17
11257 16 17
88273 16 17 11
3509 19 4 6
60243 17
73861 18 19 14
12573 17 13
1594 13 14
10223 19
34653 16 17
10077 1 2 19 4
404378 17 13 7
702 17
4552 17 18 15
72358 17 13
1645 17 19 14
775 2 3 4
49953 6 7
55465 13
2841 16 17 12 15
364067 20 13
707 1 2 19
169917 17 19 14 15
9560 16 17
232572 17 2 13
10229 16 17 7
59965 1 19 15
245 16 17 13
94901 17
222899 16 13
2755 17 13
122906 17 4 13
9395 1 2 19 17
72331 1 18 3
74777 18 19 15
66 17 19 14
86828 4 13
9788 13
316002 16 13
25364 17
3049 13 15
9273 13
4688 16 17 2 20
75674 1 19 12
22051 16 17
1023 17 13 14
2758 3 13 7
2058 16 13
144340 16 17 13
111190 17
143049 13
16614 13
14367 2 19 13 14
210947 18 19
82700 1 2 4
10843 17 19 13
198287 19 17 3 4
10589 1 13 14 17
3549 17
123103 18 19
10923 1
17047 13
26428 17 2 11
2000 17 2 11
152748 16 17 5 14
284674 19 4
11856 1 2 13 17
9772 1 19
13595 20 13 14
813 16 13
2665 13
149 4 6
812 2 3 6 7 13 16
11238 2 6 7
177699 13
73873 17
94348 1 19 14 15
1966 1 2 11 12 16 17
218778 13 7
8849 13
8489 17
9298 13
12155 2 3 7
241259 3
8077 1 18 4
312526 1 19 4
8078 1 18 4
679 1 18 19 4
20856 2 3 4 7 13
440 1 3 4 18 19
7305 1 2 19 17
705 17
99 17 13
23706 13
210908 18 19 13
11497 3 6 7 13 17
152747 1 2 17
37265 17 13
143 17 12
56590 1 2 6
44269 13
9022 18 19 15
891 19 17 11 15
364137 17 13
262504 2 4
369885 1 12 16 17 19
340402 17 13
786 17 20
222936 16 2 13
2043 1 19 14 15
5966 16 13
12819 6 7
7457 17 14
11542 3 4 15 17 18 19
6477 3 6 7 13 20
55301 3 6 7 13 20
258509 2 13 6 7
23398 3 6 7 13 20
11352 16 17 3
279 17 11 20
7857 17 13
14 17
4982 17 14
2768 16 17 19 14
838 17 13
250066 1
73 17
340485 16 17
168672 17 14
126277 18 19
2105 16 13
2770 16 13
8274 13
8277 13
26123 13
8275 13
1359 17 19 14
71552 13
190859 1 12
2771 17 13
261392 1 13
8273 16 13
11467 16 13
11831 17 11 15
194 16 13
55 17 19
86837 16 17
8356 16 17
13008 17 14
10008 18 19
2769 16 17 20 13
4978 17 2 6 7
10380 2 6 7
814 18 13
9406 18 13
24684 16 17
15653 13 6 7
2623 16 17
1947 17
9360 19 2 18
11237 1 2 4 18 19
9932 13 14
9535 13 14
9444 6 7
93 17 19 14 15
109443 13
8699 13
9267 13
253235 16 17 13
33107 18 19 14 15
895 17 11
635 18 19 15
11227 16 17 3 13
13448 19 15
24795 17 3 13 7
9506 13
12689 16 17 13 7
8469 13
44629 17 19 14
1439 16 17 11
96724 16 17
250546 18
196867 17 20 13 7
703 16 17 13
291270 16 17 13 6
61891 19 17 11 15
15157 20
55420 17 4
44009 17 13
102899 1 2 4
351339 19 11 12
17609 17 18 19
348060 1 17
9989 1 14 17
125490 18 4
13435 16 17
8916 2 13 6 7
9563 17
10739 16 13
160070 18
28 17 12
1579 1 2 19 17
568 17
50357 18 19 4
12690 17 5 14
11633 1 4 6
269650 1 4 6
9445 17 19
14191 16 3 13 7
6488 18 13
60599 17 19
10172 17 13 7
11637 16 2 13 7
209244 13
57876 18 19 4
68734 17 19
11044 16 17 3 13
1073 17 19 15
95 1 2 19 4
4597 1 19 14 17
10974 1 2 13
10975 1 2 13 14 19
766 18 3 13
15383 17 12
10204 1 2 13
410199 19 4
329865 17 4
212 13 14
49012 16 13
42949 2 3 6 7
9992 2 3 6 7
26505 2 3 6 7
51052 17 13 6 7
256274 18 19
2898 16 13
330112 16 17 13
271185 17 19 15
18176 19 13 14 15
9691 1 2 19 14
121856 1 2 3 4
8978 19
184125 17 19 1
2899 2 3 13 7
9564 2 3 13 7
9929 2 13 6 7
11625 2 13 6 7
9642 2 13 6 7
2395 2 3 13 7
9369 2 13 6 7
9318 2 13 6 7
11047 2 13 6 7
170522 2 13 6
99770 2 13 7
16577 1 4 6 7
254188 18
8965 1 3 4 6 7
10865 2 4 6 7
89691 18 19
4347 16 17
295830 17 3 4 1
59678 1 4 13
1786 17 12
11075 17 18 19
152737 17 13
5123 17
156711 16 13
818 1 4 13 14
816 4 13 14
817 1 2 4 13 14
6972 17
262543 19 4
10641 16 17
50479 17 3 7
19995 1 2 3 4
99861 1 2 4
13483 19 14 15
11005 17
19255 16 17 13
9598 17 3 13 7
9447 2 3 7 13 17
1164 17
8780 13
11212 1 2 13 7
262551 13
331836 13
12309 13
84174 16 13
383869 13
15596 13
105 2 4 13 7
165 1 2 4 7 13
196 1 2 4 7 13
228973 17 18 19
2924 1 14 15 17 19
332704 18 15
94380 1 17
9737 1 2 13 14 17 19
8961 1 2 13 14 19
3132 1 2 19 13
140 16 17 19 14
208134 13
12143 17 14
172828 18 13
376659 13
10147 17 13 14
338964 17 13 14
9964 1 18 4 13
52449 13
209403 13
3133 17 14
118957 1 18 19
348892 16 17 13 1
9750 13 14
21032 2 6 7
3170 17 6 7
13205 17 6 7
11302 13
331214 1 12 17
1969 1 5 13 14
3172 16 1 13 14
23367 17 20 13 7
327040 17
13184 1 19 14
11867 1 4
8069 4
250349 13
10611 17 13
326423 13
15015 6 7
15165 13 6 7
15167 6 7
15016 6 7
242042 16 17 13
248574 1 2 13
46829 17 13
9907 13 6 7
3175 16 17 12
290 17 13
14013 13
10782 1 14 15 17 19
402 19 15
3093 19 14 15
333669 1
2661 2 4 7 13 14
415 1 3 4 14
242643 1 19 6 14
366924 1 4 6
272 1 14 17
16234 6 7
414 1 3 4 14
13851 1 2 6
14919 1 2 6 7
364 1 3 4 14 19
123025 1 6
142061 1 6
382322 1 17 6 14
40662 1 6
209112 1 2 3
69735 1 2 4 6 14
11548 3 4 13 7
16873 1 2 4 6 7
1705 1 4
44943 1 4
3176 17 2 19
3177 1 19
44833 1 2 19 4
643 17 11
325553 17 2 4 1
69315 1 19 4 17
105077 1 2 4 17
4551 13 14
4953 17 13
1281 13
283587 17 12
84175 17 3
109491 16 17 3
9283 16 17 13
39285 16 13
197796 16 3
13313 6 7
14177 16 13
3179 13 6
1257 13
2977 16 17
1636 16 3 13
12335 2 3 6 7 13 20
10202 16 3 13 7
5559 2 13 6 7
9988 13
11806 13 7
10438 13 7
4011 3 13
204922 19 15
301804 19 17 18 3
132344 16 17
76 16 17
80 16 17
7972 17 19 14
283350 16 17 13
198277 16 17 20 13
55347 16 17 13
259018 13
8007 1 19 12 17
119675 16 17
492 17 3 13
10322 17 13
86467 17
205601 17
204668 2
649 16 17
20235 6 7
12590 18 19 15
271969 17 2 11
455 16 17 13
1685 2 4 15
4104 16 17 13
2310 3 6
116811 17 18 19
30508 17 20 13
92591 17 13 14
13785 13
14405 2 13 7
90 1 13 14
96 1 13 14
306 1 13 14
9622 1 13
9722 16 3 13
241771 16 17
284289 19
182415 17 13
2277 4 13
5156 17
75198 13
2280 3 7 13 16 17
171540 13 14
9032 17 13
87093 17
11870 13 7
587 17 2 3
230179 1 2
177572 1 2 6 7 13
78698 16 17 2
9600 13 14
11565 13 14
38322 1 13 14
9843 1 13 14 17 19
13161 13
6978 1 2 3 13 15 18
1649 2 3 4 7 13
1648 2 4 13
71 17 20 13
293767 17 12
11017 13
1727 16 1 2 13
194662 17 13
11296 17 11
10740 17 19 15
2084 19 13 14
323020 13
10497 16 17 19
45958 17
9075 17 19 12
1075 16 13
9656 18 19
41215 1 15 17 18 19
24804 1 13
855 1 11 12
11469 2 3 13
261023 17 14
253331 17
4105 1 19 14
246080 2
3603 18 13
7874 17
44214 17 19 15
201088 1 14 15 17 19
36647 1 18
36586 1 18 19 4
78 17 19 4
36648 1 2 3 4 18 19
9955 1 13 17
351211 18 19
11622 16 13
11072 5 13
232672 13
918 16 13
8338 17 19 4 15
55846 1 19 14
22164 17 19 1
1372 17 19 1
309886 1 19
11368 17 19 14
190955 17 19 14
9573 17 19 14 15
168705 18 1 2 3
11690 1
4133 17 14
11644 17 19 15
1052 17 19 15
9266 2
152584 16 17
160588 17 13
188166 19 14
11001 1 19 13 14
6341 1 4 14 17 19
46705 16 17
793 17 19 14 15
11568 1 20 13 14
9557 13
10741 17 11
11507 19 15
14412 16 17 19 14
12113 1 19 17
14181 17 19 14
13053 2 13 6 7
294963 17 18 2 5
475 17 14
380124 18 13
8968 17 18 19 15
4995 17
11531 18 19 15
11066 16 17 13
496 13
2604 17 12
347201 1 3 6
13685 17 13 14
10862 16 17
9303 16 17 19 14
9702 1 19 14 17
310137 18 19
13062 6 7
11353 13
14748 17 14
85350 17
226 17 14
650 17 14
763 18 13
197 1 11 12 17
68 4 13
4169 11 17 19 14
2163 17 19 1
164 16 17 13
145 16 17
270400 17
269 17 14
11064 13
375798 13
9270 17 15
254473 1 14 17
57825 16 17 20 13
11932 18 13
229 18 4
10521 13
55721 16 13
296098 17 19
1265 17 2 7
9801 16 13
95610 13
634 16 17 13
851 16 17
29963 16 17
1588 13
11211 13
15261 13
10678 13
8649 17
900 16 13
18480 13
142 16 17
17707 17 19
9208 1 2 19 17
98357 17 19 14
8088 16 17 19
308 16 17 13 15
18533 17 1 14
167073 16 17
26390 17 19 14
10009 2 6 7
10010 2 6 7
6312 11 1 2 18
7445 17 19 12
310 3 13
9707 3 13 15 18 19
9683 16 17 2 13
9464 16 17 13 14
10206 1 18 13
12526 18 19
287 16 13
70074 1 19 14
10723 1 2 19 13
11817 1 3 13
11382 1 19 13
63310 17 14
916 1 19 14 17
9517 17 14
30618 1 19 17
26388 17 19 15
50204 19 13
42297 16 17
4944 17 13
13413 6 7
295964 17
255798 18 13
642 17 11 5 14
79697 13
13250 17 19 14
314385 16 17
102780 19 17 3
10784 16 17 20
9317 4 13
298584 18
445 17 19 15
11977 13
14008 13
35554 13
339397 16 17 13
284276 17
9453 16 17 11
157832 17
13655 17 20 13 7
44244 20 13
244506 17
13043 13
38277 13
375804 13
4441 16 17
9529 17 18 19
8689 2 18
15037 16 17 13
1598 19 14
398 17 14
11935 17 19 4 1
271110 1 4
1771 1 2 4
100402 1 2 4
1722 16 17 11
334533 16 17 2 13
109424 1 19 17
331190 17 19 14
14125 18 19 14
317744 19
34069 19 4 15
6075 1 19 14 17
72113 17 13
258480 16 17
133805 17 18
25769 1 4 17 18 19
920 2 13 6 7
49013 2 13 6 7
80304 5 13
289 16 17 12
9681 13
28355 18 19 15
66118 13
12225 16 17 13
524 17 14
12208 1 2 13
8839 3 13 7
4787 17 19 14
8358 17 2
18438 16 17 13
10515 1 2 3 6 7 16
10142 17 11 12
261 16 17
13668 16 17 13
640 17 14
10992 13 7
39691 13 7
10552 18 19
314 1 14
52067 13
9466 17 13
84184 16 17 13
168098 18 19 4
33273 1 19 17
9759 1 2 19 14
21588 17 18 3 13
302699 1 13
666 17
23759 17 19 1
12123 2
116979 18 19
58232 16 13
3580 17 14 15
1537 1 2 19 14
15709 13
5289 17 1 14
12912 16 17 13
10435 17
198184 1 4 14
4808 16 19 13 15
9443 17 11
118 2 3 13 7
8669 17 13
6538 17 11 13
4327 1 2 13 14 19
9471 1 2 13 14
9986 3 13 7
2255 16 17 13
14844 16 13
82684 17
48946 17 19
8881 17 11 12
8880 17 11 12
175291 17 13 14
11007 17 13 7
9641 13
212778 13
93856 18 19
1574 1 13 14 17 20
9982 13 6 7
7443 13 6 7
181283 19 14
21334 17 13 7
9693 17 19 4 1
10823 19 17 18 3
79707 17 6
10585 18 19
11186 17 18
11187 18
829 17 19 14 15
206408 16 17 13
98567 1 2
11708 2 3 7 13 20
28211 17 19 15
392 16 17 13
13973 17 13
9519 17 19 14
8769 17 18 19 15
13673 13 7
76726 17 19 4
11104 16 17 13
150689 16 17 3 7
14128 16 3 6
16119 16 3 6 7
921 16 17 11
11216 16 17
335866 17 18 19 4
24418 19 1 2 3
15 17
28053 17 13
901 16 17 13
795 16 17 3
13600 2 3 7
598 17 14
1406 1 2 5 13 17
11310 1 5 13 17
13688 3 4 7 13 17
18823 1 2 3
13252 19 14 15
95516 17 19 14
9331 1 19 17
133790 13
8095 16 17 11
2292 13
2295 13
9339 16 17 3 13
9350 1 2 19
840 17 4
146223 17 19 14 15
2288 16 17
83542 17 4
246860 17
22794 13 6 7
109451 13 6 7
7191 1 19 4
112454 18
11217 18 13
15196 19 13 14 15
9603 16 17 13
7214 17
9874 1 19 14
114606 18 13
7520 16 17
18955 13
11156 17 11
10328 17 4 13
2577 16 17 19 4
883 17 13
220289 19 4
12767 17 19
244509 17 19
2289 17
1538 17 19 14
345920 16 17
9884 1 19 17
195590 1 19
62835 1 19 14 17
318781 16 17 11
2124 16 17 19 15
25237 1 11 12 17
276908 16 17 4 13
9602 16 13
10999 1 2 19
84188 17 19 14
1701 1 19 14
37430 1 2 3
9610 1 2 3
321741 17
9612 4 13 7
54186 17 19 15
4912 13 14 16 17 19
20048 16 13
11132 16 20 13 7
10743 1 19 13 14
10329 1 2 4 15 17 19
325848 13
1688 1 4
8834 1 19 17 15
561 17 18 3
686 17 4 15
39538 17 19 4
266 17
77866 1 19 17 14
204349 18 19
5708 17
45094 17
903 17 14
864 13
14239 3 13 6
241843 1 18 13
310133 19
23742 1 13 14
1710 17 19
3933 16 3 20 6
49014 17
19899 16 13
10684 17 19 12 15
11299 1 4 6
49849 1 19 4 5
6282 13
35052 17 19 15
10623 1 14 17
1948 1 19 14
15092 1 19 14
884 16 17 19
25196 16 17 20
10691 16 17
10973 2 18 4
312221 17
8555 18 19 15
16281 18 3 13
16288 18
10238 17
11562 17 13
302156 1 4 14 17
334527 17 19 14
201085 3 15 17 18 19
60672 1 19 14
8963 1 19 17
9671 2 13
9396 2 13
9290 2 13
11655 17 18 19
17130 1 2 7 13 16 17 20
263341 1 2 17
796 16 17 19
9768 20 13
10092 18 19
201086 13
431 19 4 15
437 19 4 15
438 19 4 15
10489 18 19
9975 2 13 6 7
11894 16 17 13 7
167032 18 19
1494 1 3 17
10012 18 13
1408 1 2
70821 17
10134 1 4
10133 19 4 15
11673 16 17 11 13
39053 16 17 13
10375 1 19
11164 1 13 17 7
10680 1 13 17 7
10708 13 7
319341 13
274167 13
152532 17 11
10766 1 18 19 17
7211 16 17 13
16 17 20 14
581 17 2 5
859 16 17
9909 17 14
256924 17 20 13
9619 1 2 19
9480 1 3 4 14 19
2666 4 15
182560 17 19 15
62213 3 13
145135 18 19 4
1410 4 13
9009 17 18 19
9556 1 4 14
11056 18
10727 18 19
387 1 2 11 12 17
10073 13
35056 13
339792 20 13
924 1 18 3
119450 1 19 4 17
40619 2 3 6 7 13
13613 1 18 19
2269 3
19901 1 3 4 18 19
11228 1 2 19
16642 16 17
2119 2
9571 17 13
10493 17 18 19 14
11427 18 19 15
922 17 3 5
102362 1 19 14 17
687 17
12877 17 19 14
9442 13 15
207 17
293771 18 4
14001 18
14451 18 13
97614 17 19 14
293660 16 1 2 13
22971 16 17 12
114750 17 13
34803 13
9374 3 13
16007 19 3 15
4192 15
1991 1 19
10483 1 19 4
51620 1 19 4
13282 1 4 13
156717 1 19 4
11835 1 19 14 17
9275 17 19 13 14
17466 1 14 15 17 19
13939 1 19 14 17
323373 18 13
13018 17 19 14 15
9969 13 7
2639 17 13
8914 1 18 19 4
8656 1 2 4 16 17 19
20126 18 19 15
9457 1 2 18 4
296524 1
34769 17 13 1 14
13813 1 11 12 17
8390 16 13
81342 16 17 13
892 3 4 13
184346 18 19 14
10669 17 2 19
146239 13
303991 17 13
9739 1 2 4 13
234212 18 19
14029 18
12139 13 7
16804 17
8999 17 19
277217 1 2 7 13 20
86331 16 17
8068 1 19 14
20352 6 7
93456 13 6 7
74308 17
48492 1 2 17 15
68684 18 4 13
11453 13
10402 13
44040 18 19 15
79316 18
152792 17 19 14
314402 17 14
827 17 18 19
521 19 14 15
681 1 2 19 4
118289 16 17
33217 13 7
82650 13 7
60307 13 7
13025 1 18 4
8592 1 2 13 14 19
24438 13
36669 1 2 19
562 1 19
1573 1 19
1572 1 19
8736 13
38778 13
10567 6 7
88 16 17 20
10677 16 17
291870 2 13
984 1 19 14
3472 17 19 14
10141 13 14
8984 14 15 16 17 19
127517 17 19
15357 1 19 14
17654 1 19 4
10045 1 19 4
8271 17 19 15
157350 1 19 4
393729 17
7551 1 19 4
10772 1 5
68718 17 5
298614 13
925 17
298729 16 13
9053 1 2 19
11821 16 13
3050 3 13 7
284052 1 2 3 4
313106 2 4
907 16 17 12
9472 13
968 17 19 14
11880 1 18 19
20606 18 13
1832 2 3 13
38810 17
553 17 19 14
11929 17 19 14 15
62837 17 7
192134 17 13 14
9923 1 14
138697 17 13
1909 16 17 13
9366 17 19 14
141 17 3 15
10607 13
46261 19 18 3
300669 18 19 14
931 17 18 19
8290 12 13
12103 19
356298 17 13
1254 17
8814 1 2 4 18 19
13460 1 19 4
308639 17 13 14
23488 19 17 3
9594 1 19 14 17
996 17 19 15
10398 17 19 14 15
9405 1 19
14359 17 15
1554 17 13 14
9101 13
10720 16 1 19 13
613 17 11 12
6114 16 18
10577 18 19
12110 18 13
49017 1 3 12 17 18
200505 17
16871 18 19
10023 1 13 14
126963 1 6
303857 1 2 3 6
300168 1 2 17
10800 6 7
10423 17 1
10253 1 3 4 17 18 19
10052 17
8840 3
91417 2 13 6
6171 17 18 19 4
1125 17
9805 4 13
49049 1 4
11033 18 19 15
8457 13
172533 16 17
64690 17 19 1 14
47327 19 1 3 14
10477 1
403 17 13
10379 3 13 7
110410 1 17 14
476 17 14
13497 16 17 20 13
11230 1 13
3063 13
336 5
10837 2 3 6 7 13
8859 13
41733 17 13
839 1 18 19 15
8467 13
100042 13
10152 13
11360 6 7
841 1 2 4
11849 1 2 3 4
7288 1 19 13
16558 19
297596 17 19
43935 1 4 13 15 18 19
13027 1 19 15
238603 2 4 7
220 17
2252 19 14 15
37735 13
624 1 2 14 17
38167 17
16325 1 14 15
522 17 11 13
15251 13
17159 13
319888 17 11 13
13510 18 19
12201 17 19 14 15
137113 1 4
11374 13
162 16 17 3
9036 17 2 7
8869 1 18 19 13
9367 1 19 14
9451 13
9947 1
1807 17 14
10719 16 3 13 7
7347 17 1 14
47931 17 1 14
4518 17 11
4517 16 17 11
9621 16 17 13
14442 3 13 7
337674 17 19
301348 11 13
68724 1 19 4 17
336808 17 2
329010 19
337556 16 17 2 3
97795 18 19
3573 16 17 13
127372 17 11 12
10110 17 11 12
13531 17 13
169209 1 17
9794 16 13
4523 16 3 13 7
10406 13 7
9946 1 18 3 15
77016 17 19 14
80274 1 2 4
226857 16 17
181886 19 15
853 12
11864 17 4
9798 1 19 17
1957 17 19
209263 16 17 13
9461 1 19 14
34647 17 3
188222 13
1844 16 17 15
10710 13
116711 2 3 6 7
301875 16 17 4
7299 1 19 4
2486 1 2 3 7
106021 1 19
9268 1 19 17 15
985 17 18 3 4
462 17
126319 17 13 6 7
10734 17 14
1103 1 4
68179 2 4 6 7 13
1687 1 4
107846 1 19
17360 1 17
255343 16 19
38 16 17 4
174772 19 4
9352 13
2698 3 13 7
8413 18 4 15
9454 16 17 13
253412 17 2
277355 1 19
15417 16 1 2 13
295699 13
26171 17
9716 16 20 13
340 17 13
11624 13
765 18 3 13
8818 17 11 20
9397 1 4 13
264660 17 4
29917 19 15
11527 2 3
84194 18
2320 1 2 19 17
1946 1 18 19 4
10877 1 19 14
147441 17 2 1
11586 3 18 19
11026 18 19 15
305932 13
309299 17 11
9872 2 3 4 7 16
331962 17 19 14
338676 17 18 4
12569 13
265016 18 4
64685 17
333352 17 19 12
345 17
31417 14 15 17 18 19
754 1 19 4 14
70577 17 19 14 15
214030 13
1714 17 4
6877 13
38363 17 19
283378 2 3 16 17 19
11220 16 17 1
37094 17 19 14
28665 16 17 20 13
342281 16 13
278468 6
278427 3 4 13 6
278604 4 13 6
65215 13 6
13532 2 13
5961 17 3 15
756 3 20 6 7
49948 3 20 6 7
1979 19 1 2 3
259316 1 2 3
166424 1 2 4
16306 3 4 6
2161 2 4
11259 16 17 2 5
10712 16 17
250734 16 17
275 17 19 14
13804 1 19 14 17
82992 1 19 14
51497 1 19 14
8324 17 19 13
13342 13
41283 17 19 14 1
10998 16 17 18 19
11846 16 13
11862 13
254172 17
10543 16 17 19
1878 17 2 13
15097 13
7549 17 1
10070 1 18 13
13012 1 14 17
9280 16 19 14
393457 17
13225 3 4 6 7
9377 17 13
11431 16 17 13
14811 16 17 20
10288 16 17 18 13
2323 17 3
341174 16 17
351819 16 13
216015 16 17 19
550 17
17336 1 2 14 17 19
85889 17 13 14
9532 18
9358 18 15
9286 18 15
55779 18 15
2114 1 2 3 4 6 19
277558 1 19 17
9950 17 13 1 14
127380 6 7
711 17
12 6 7
866 17
15613 17 18 19 15
139567 1 19 14 17
17927 13
10724 1 2 19 4
11495 1 3 17 18 19
9754 19
5910 17 14
1368 1 2 19 12
13969 16 17 13 7
6520 16 1 2 17
24469 17
11713 17 19 1
17809 1
252607 13
9343 1 2 17
381356 13
26617 17
3683 17 11 12
3604 4
535 16 17 20
1551 17 18 19 4
13195 17 19 14
9749 13 14 15
14628 13 14 15
87502 17
10122 2 4 7
11866 1 2 19 17
9315 17 19 15
43949 16 17
315664 17 13
9574 4 13 7
11619 2 13 6 7
133698 16 13
9664 1 2 11 12 16 17
62046 13 14 15
256591 16 17 13 14
11660 17 19 14
8676 13
1968 16 17 13
1788 16 17 20 7
938 5
13930 13 6 7
699 1 2 19
830 4
265189 17
1641 13
10326 2 3 4 16 17
9870 16 17 13
13 16 17 13
354110 17 5
12088 1 19 4
8292 1 14
12193 16 17 13
37495 17 13 14
5 13
712 16 17 13
87492 17 19
6145 19
11348 18 19
12149 17 19 14
121986 17 13
171372 17 13 15
876 1 2 3 4
3036 16 17 18 4
62214 13 6 7
10675 1 14 15 17 19
377263 17
136 17 18
218784 18 4 13
10330 3 13 7
5375 1 13 17
13166 13
11284 18 19 13
175574 13 6 7
167581 16 17
316152 19 1 11 17
1634 2 7
9073 2
1646 17 14
306745 16 17
11183 13
33701 13
21435 13
397 16 13
273169 13
573 17 19 14 15
218425 16 4 15
10559 17 19 4 14
1360 16 17
10634 17 13
13416 17
13207 18
9731 18 19
9725 18 19
9728 18 19
10225 18 19 15
10281 18 19
10283 18 19
9730 18 19
1633 17 13
368031 18 19
50544 16 13
80038 16 17 13
8998 16 17 13
58151 18 13
755 1 18 19 14
12095 1 18 19 14
768 18 19 15
11426 16 17 12
26389 1 19 14
657 1 2 19
83389 17 6
13492 17 18 19 1
11499 17
44363 19
326359 2 6 7
10183 17
157354 17
233063 13
329263 13
600 17 12
82679 13
7552 13
13320 16 20 13
8461 18 19 14
20829 17 13
168259 1
35169 13
228150 17 12 1
7249 4 13 6
13253 4 13 6
15060 13 6
12889 3 4 13 6
19585 1 2 3 7 13
926 4 13 7
11646 17 2 11 12
46429 1 18 5
97434 13 14
91010 17 11
18501 1 19 4
783 17 11
3131 17 11 14
82682 17 19 14 1
401 16 17 13
8920 13 6 7
9513 13 6 7
782 16 19 4 15
81250 17 13 7
267192 17 11
759 16 13
10603 16 2 13 7
13159 16 17 13
13929 6 7
186759 13
10461 1 19 17 14
257091 13
32823 13
44718 17 13 15
239566 17 20
419430 18 19 13 15
10060 17
8012 19 13 14
11665 1 19 13
80389 1 19 14 17
146227 1 14
251 3 15 16 17 19
4816 1 14 17
9323 1 4 6
12140 17 4 6
1250 3 1 18 19
71676 19 1 3
9645 18 19 15
12797 16 3 13
1548 17 13
43074 1 3
2978 1 3 4 7 13
12556 16 3 13
10016 1 18 4
14533 16 17
1712 1 5 17
8046 17
3767 16 17 19
9871 17 18
3558 17
72890 13
3635 16 17
312791 18 19
98 1 2 17
9504 17 14 15
9665 12
9918 17
45772 6 7
9430 19 13 14
9815 17
9763 17
74306 17 13
245859 17 20 13
249660 17
205584 1 2 3
11058 17 18 19 4
929 1 19 4
38073 16 17 13
710 1 2 19
658 1 2 19
8882 17 14
79548 17 19
4771 17 14 15
210577 17 19 15
9679 1 19 14
770 16 17 12
338 16 17 13
277839 13
253626 1 19 17
10030 16 17 13
801 17 12 13
262338 1 19 14
489 17
769 17 14
284303 17 18 19
74387 13
257445 2 18 13
10130 17
5279 17 19 15
4970 18 19
84204 18 19 4 13
215211 16 17
13223 17
777 17 11 12
220286 19 15
309304 17 13
9900 13
50698 18 19
134366 18
12477 17 12 6
49047 17 19 4
621 16
9037 7 13 16 17 20
348089 20
121674 16 17
44912 1 2 19 4
65291 1 2 4 6
313922 18 19 14
8923 17 14
22972 1 2 19 17
27583 16 17 13
927 18 3 13
928 18 3 13
9766 1 2 14 17
267193 1 13
285923 1 18 19
9434 16 1 19 13
137 16 17 3 13
38365 13
109418 13
64807 13
11520 16 13 7
118340 1 2 4
11638 16 13
1879 16 17 13
38745 13
18415 17
28178 17 7
10428 1 19 14 17
324786 17 11 12
270487 17 20 13 15
10654 17 11 20 13
11054 7 13 16 17 20
9490 13 14
7859 17
48988 13
2082 18
11357 18 19
11361 18 19
11675 18 19
24150 18
10676 18 4 15
11442 18 19
10987 18 19
10652 1 12 17
10549 17
192538 1 2 11
8960 1 3
4929 5
50456 1 2 19
5143 17 13
18126 7 13 16 17 20
9740 17 18 19 14
1248 17 19 14
200462 18
60304 1 18 3
10683 17 13
121936 16 13
9836 13 6
65759 13 6 7
9614 13
10503 17 13
14537 1 11 17
11782 1 19 14
2652 17 19
8052 17 19
11258 19
2019 1 2 19 14
9569 1 19
20857 16 13
325348 1 2 4
13335 2 13
11282 2 13
343 16 17 13
8989 3 13 7
25941 17 19 14 1
672 2 3 7
12444 2 3 7
12445 2 3
674 2 3 7
767 2 3 7
675 2 3 15 7
671 2 3 7
673 2 3 7
7873 17 19 14 1
10592 17 12
11787 17 13
11908 18 13
146243 18
166271 18 19 15
77887 2 3 6 7 13
70435 1 19
9469 17
279690 17 18 19 13
269258 17 13
70670 19 14
51241 16 17
10015 1 12 13 17
41211 16 13
10833 16 13 14
11313 17 15
949 1 19 14 17
2640 17 13
236751 17
1024 17 3
11827 4 6
254375 17 2 13
336004 1 19 14
338766 17 5 14
9064 18 19
1487 1 3 4
11253 2 3 4
320588 16 17 13
9003 18
8766 18 19 4
11569 18 19 12
10692 17 18 19 14
53172 13 14
152601 16 17 4
11451 2 3 7 13 16
184315 1 2
87826 1 13
44603 17 3
79 17 2 11 1
10184 16 17 13
44835 17
94363 17 13
2023 2 5
360784 18 19
381284 17 11
11096 18 19 15
12493 17 19 14 15
11560 17 19 14 15
243 16 17 20 13
288 5
11901 5
10947 17 20 13 7
13649 17 20 13 7
11887 7 13 16 17 20
382399 16 17 20
10226 18 19 15
254302 1 4 17
8009 1 2 3
8010 1 3 4
271724 17
5544 16 17 11
3085 16 17 13
10156 13
109513 16 1 13
8488 16 17 13
112336 17
1620 1 19 14 17
249070 1 19 14
49010 1 19 13
10439 3 13 7
8326 17 2 13 7
9383 1 19 4
80015 13
9689 17 13
11375 1 2 19 13
1249 17 19 14
9713 17 13
103328 17 3
228161 3 4 6 7 13
771 13 7
772 2 13 14 7
9714 13 7
12536 13 14 7
13700 6 7
276839 17 13
204082 1 19
6878 17 2 13 7
10028 20
11158 2 4 13 7
9354 2 4 13 7
11425 1 2 4 7 13
254191 18
10982 13 6 7
879 2 3 13 7
5693 17 7
50359 6
82696 16 17 13
149509 3 17 18 19
51540 13 14
227159 13
18476 14 15 17 18 19
12222 2 3 6 7 13
2026 17 19 14 15
1690 18
1691 18
71670 18
4638 1 13 14
268920 1 13 14
10074 1 13
9595 1 12 13
9255 1 12 13
23048 2 4 13
243938 13
6418 17 20
15189 13 7
205 17 11 12
76492 3 13 6 7
159824 13 6 7
102207 2 13
172803 17 19
11415 18 13
82505 18 19
2662 18
9550 16 17 2 1
11093 17
10066 18
11377 18 19 15
253306 18 19 13
10407 16 13
42888 16 17 13
8386 13
162215 17 19 12 1
8871 3 13 7
259694 16 13
9919 16 13
13092 16 17 13
10297 16 13
3001 16 13 14
10191 2 3 6 7
82702 1 2 3 6 7 13
10658 3 4 13
301846 18
4935 2 3 6
9292 1 2 13
44826 17 2 7
1927 1 4
244088 17
10360 17 11
371645 17 2 13
2882 17 13
376570 18 19
10476 17
75802 16 13
6479 1 4 17 18 19
46529 1 2 19 4
10950 17
332411 1 19 14 17
250219 13
374473 17
70868 13
100241 18 19
150117 16 13
1599 16 13
26280 17
319340 13
3597 18 19 15
19840 16 13
16538 13
8952 16 17 13
3563 16 13
244267 17 4
2048 1 4
49797 18 19
25239 18 19
207768 18 19 14
357096 18 19
8427 1 2 19 13
3600 18 19 15
109689 16 17
414190 1 19 4 14
425 2 13 6 7
79218 6 7
278154 2 13 6 7
57800 2 13 6 7
8355 2 13 6 7
950 2 13 6 7
13374 13
9696 1 18 13 14
209274 17
2832 19 15
109431 13 14
7512 2 4 13
6552 18 19 13
249164 17
15775 16 17 3
14248 3 13 6 7
3782 17
8832 17
170354 13
310126 13
5488 16 17 13
25300 17 19 14 15
144789 13
19724 17 3 13 7
85041 13
5552 17 4 1
37958 1 3 17
374617 17 19 14
4965 1 19 4
10806 16 13
44716 17
8321 17 13 14
1901 16 17 13
11931 16 17 13
252822 1 19 13 14
256474 1 19 14
13975 17 19 14 15
205775 1 2 11 17 19
10633 17 19 14 15
121875 17 19 13 15
9386 1 14 15 17 19
19833 13
843 16 17
2654 18 19 15
7984 17
2312 1 2 3 17
5879 16 17
6973 11 14 15 17 19
49530 1 19 4
226448 16 17 4
46738 17 12 15
27205 1 2 4 15 19
64956 1 19 4 6
4478 17
602 1 2 4
47933 1 2 4
217 1 2
89 1 2
87 1 2
10775 1 14 15 17 19
11647 17 19 1 14
207932 19
244539 17 13
16869 17 19 12 1
171274 13 14 15 16 17
2309 2 3 7
1730 17 18 19 15
2614 1 4 13
13312 18
86829 17 20
388 17 19 14
150540 13 6 7
49018 18 19
91586 18 19
280092 17 18 19
320 19 14 15
332 1 2 13 7
12117 17 19 15
211954 17 13
262500 2 19 4
20312 2 3 13 15 17
157336 17 2 4
628 16 18
11968 1 2 19 14
334538 17 4
216282 1 19
5915 17 2
224141 3 20 13
11775 16 13 14
63207 17 18 19
11850 18 19 4 15
22954 17 11
11652 17
14756 17 11 1
37472 1 11 17
365222 1 11 17
182127 1 17
1726 1 2 4
10138 1 2 4
68721 1 2 4
10679 1 4 13
38543 16 1 2 11
282984 17 15
979 17 19 14 15
173185 13
10660 16 17 13
270303 18 19
3078 16 13
33689 16 13 7
375572 17
320316 13
37725 16 3 13
11576 1 2 13 14
1585 17 3 7
22897 16 13
43923 17 13
338189 17
7095 17 4 13
71880 13
204436 2 3 6 16 17
9745 17 3 13 7
75780 17 19 14
343611 1 14 15 17 19
137094 1 19 17
81005 1 3 7
13932 2 6 7
9012 13
376866 17
184 1 19 14 17
2291 17 18 15
10539 2 6 7
38684 16 17
174751 1 5 17
172106 17
25 17 12
11533 2 3 7
324668 1 19
10285 18 19
11470 18 4
578 2 18 19
579 18 19
17692 18
2294 13
13672 17 13 1 14
8922 18 19
11351 18 19
82532 17 13
266639 17 2 3 20
19994 18 13
342474 17 13
11943 1 5 17
9390 16 17 13
209451 17 20
9541 16 13
339547 18
203834 18 19
12545 17 11 20
820 11 17 19
12589 1 2 3 4 6 7 13
9279 13 7
115782 17 11
157847 17
10956 2 13 15 16 17
2565 16 3 4 13
49529 1 2 4
75761 18 13
8470 17 19 14
9293 13
245891 1 19
324552 1 19 14
9486 1 2 13
58233 1 2 13 14 19
9886 1 2 4 17 19
12776 13
2440 17 19 12
20533 1 3 5 17 19
16366 20 6 7
72545 1 2 4
88751 1 2 4 7 13
170657 1 2 3 13
274479 17 13
10866 17 19 15
11661 11 12 16 17 20
11838 18
9482 4
821 17 11
16136 1 19 14 17
1628 16 17
52274 18 19
24803 16 17
332872 16 17
8844 2 3 7
8247 2 3 4
9446 13 7
6280 16 4 13
7326 16 17 13
76757 1 2 3 4
329 2 4
331 1 2 19 4
135397 1 2 19 4
258099 16 17 13
9061 1 19 17 15
10033 16 13
50546 16 13
9007 16 3 13
12090 13
10025 3 7 13 16 17
56715 3 4 13
38093 16 17 13
30061 1 2 6
76589 1 19 6
323027 1 3 6
183011 1 2 3 4 6
14011 1 2 4 6
297556 1 2 4 6
217993 6
8665 19 17 11
10345 1 2 13 14
167 17 4
46837 4 13 15
11953 1 11 12 17
4254 17 13
10909 19 14
10628 2 13 14
11232 16 3 4 13
342521 1 13
9687 13
4967 13
331313 1 13
14859 16 17 7
11589 2 12 13
7090 17
11016 17 19 14
23483 1 14
59859 1 2 14
10222 1 19
9981 16 13 7
9344 17 14
16859 17 2 3 6
384798 1 18 4
74725 18 19 14
237756 19 13
245916 17 19 14 15
157370 16 17 19
318922 19 13 14
49021 1 2 19
73567 17 19
16296 18 4 13
37821 16 1 19 13
77663 1 19
64689 19 14
507 1 19 14 17
11898 17 13
951 13
9477 2 11 12
10730 1 2 4 17 18
5718 17 13
9558 19 14
9838 1 2 13
1495 1 2 11 12 17
11543 13
390734 1 2 3 4 6 17
207703 1 2 13 14
11184 17
21348 2 3 6 7
5236 1 13 14 15
2140 1 19 14
9437 17 19 14 15
13928 6 7
37834 1 13
86835 16 17
74461 18 2 3 13
263472 17 18 19
4964 16 17 13
158 13 14
13811 1 2 4 15 17 19
53174 13
70667 2 11
287903 18 3 13
146229 18 19
13417 13 6 7
849 1 2 3
313297 2 3 6 7
244563 17
9470 1 3 13 14
290864 1 19 14
9502 6 7
49444 6 7
140300 1 2 6 7 13
251516 1 3 4 13
11891 1 13
16620 17 20
439 17 13
9322 1 19
406 17
662 16 4
313369 16 17 20 13
38397 13
83564 3 13 6 7
405 17
15449 13
1407 16 17 20
86868 13
130150 17
19794 16 13
13597 2 3 7
287495 17 11
11128 17 19 1
10340 6 7
18269 6
9697 3 17 19 15
526 2 3
19666 16 17 2 20
244264 16 13
9825 1 4 13 18 19
13279 17 19 14
335578 17 11 12
11683 18
18162 2 4 13
1995 19 1 2 3
1996 19 1 2 3
57331 1 2 19
59861 16 17 13
6615 16 17 13
9593 1 2 3 7 13
17379 17 2 13
308504 1 2
9333 1 19 14 17
23830 16 17
296065 18 19
1643 16 17
137093 13
1939 14 15 16 17 19
110160 16 17
286192 3 6 7 13 16 20
22803 17 19 14
82633 17 14
947 17 2 11 12
11141 16 1 19 13
4836 17 19 14
279096 1 4 13
85872 13
248390 13
5511 17 19 14
25195 16 13
4942 16 17 13
12834 17 19 13 14
451 16 17
218043 1 19 4
8835 13
10327 13
11976 2 3
41216 2 3 6 7
4476 16 17 12 5
22894 18
65218 17 13
11774 2 3 13 7
101 17 19 14
283704 17 11
11811 18 19 13
4415 16 17 11 14
325844 13
66129 13
369776 13
18238 18 13
41402 17 18 15
13310 17 18
276488 18
941 1 2 13 14 19
942 1 2 13 14 19
943 1 2 13 14 19
944 1 2 13 14 17 19
193893 13
1251 1 2 12 17
37056 16 17 13
14372 1 2 4 18 19
1624 13
84306 17 13
709 1 2 19
13704 13 7
2959 13
300153 17
244566 16 18 13
11457 17
38408 16 17 13
637 17 13
583 13
209189 13 14
87827 17 2 1
16643 16 17 13
260001 16 13
13321 19 12
11954 1 3 4 18 19
13060 4 6 7
345911 18 19
60420 16 17
177945 17
309581 17 19
11544 6 7
20760 13 6 7
12093 17 14
51876 19 4 15
72976 17 12
334543 17
9399 1 19
4515 1 2 11 17
11040 1 5 13 17
14846 16 17 13
256962 17 12 13
1440 16 17
39451 16 13
11479 17 2 13 7
9072 13 14
16553 13
773 17 13
31203 13
9678 16 3 13
10776 18 20 13
48034 17 13
9587 16 17
253 1 2 19
259695 17 14
1571 1 19
100 13 14
9972 1 2 14 17 19
210479 17 19
81796 1 19 4
263115 1 4 17
10803 16 1 2 4
80271 16 17 13
21861 13
9769 16 17
341392 13
48838 17 14
267860 1 19 14
193756 1 19 12 17
318917 13
9494 16 13
11982 16 13 7
9356 16 13
10715 13 6 7
59967 1 19 4
10847 17 2 19
1830 17 19 14
9787 17
121835 17 19 12
2007 17
10642 16 17 13 7
17612 16 17
638 17 19 15
2157 2 4 7
153 17
167810 19 3
292431 16 17
296360 16 17 13
271714 17 20
43347 16 17 13
508 16 17 13
11686 11 13
140222 16 17 12
270343 16 13
25643 16 17
168055 16 13
85735 16 13
8424 16 17 13
200727 16 13
9062 16 17
333348 13 7
27902 16 7
77805 17
339419 16 17
35026 5 2 13
186 17 19 14 15
240832 1 4
15371 2 13 6
4588 16 1 19 17
832 17 19 1 14
225728 17 11 12
37931 1 2 13
23631 1 19 13
106747 1 19 14
45610 1 19 14
9659 1 2 19 4
8810 1 2 19 4
9355 1 2 4 17
76341 1 2 19 4
12085 1 13 14
953 6 7
80321 6 7
10527 6 7
10761 16 13
287424 18
312669 16 17 13
229297 16 17 13
77930 17 13
264999 17 20 13
334 17
10648 1 19 14
7303 16 17 13
9942 13
11008 13 7
1883 17 11
102651 1 2 3 7 16
10867 17
2246 17 14
2293 16 13
132232 18
11631 16 13
10086 1 14
49521 1 2 3 4
76544 1 17
13498 1 13
9895 16 17 19 13
49527 1 19 14
9509 1 19 17 14
1850 16 17 13
332340 16 13
334541 17
192136 17 11
696 16 17 13
10440 13 15
311667 17 19 14 15
11454 18 19 14
103620 18 19 14 15
8366 5 13
10019 16 3 13
157851 17
10518 19
359412 1 19 14
50839 17 19
436 17 19 14
1887 17 11
14306 13 7
38579 13 7
506 17 19 14 15
75 3 4 13
50321 2 6 7
236735 19 15
50837 17 19
9539 17 18 19
211387 1 2 3 4
253980 1 3 13 17 19
119569 1 3 4
76122 1 2 3 4
24238 17 13 6
433 3 20 13 7
651 17 12 13
8619 2
213681 1 13 14
11649 1 2 3 4 19
116 16 17 19 14
7270 17 19 13 14
10118 16 17 13
10830 3 13 7
9359 1 2 5 13 17
272878 17 2 7
392142 12 13
13051 1
286567 1 2 4
9980 1 18 4 17
10861 1 2 19
10894 16 17 18 19
294254 1
228203 17
308369 17 13
1382 16 17 13
296096 16 17
2123 13
190880 13
10625 13
51481 13
9991 17 13
203 17 14
278924 1 19 14
9096 2
38251 16 12 13
11260 2 4 13 7
297 17 3 15
693 16 13
1597 16 13
1267 13 6 7
7278 13
38055 1 4 6 7 13
62215 17 4
9688 16 17 13
77 19 15
1904 16 17 11
2687 1 3 4 13 17 19
11423 17 19 14
12651 17 12 1
607 1 2 4 13
41154 1 4 13
608 1 2 4 13
11978 17
56014 13
243684 17 13
9516 17 1 14
8838 1 19 14 17
4587 16 17 13
13635 17 19 1 14
15362 1 19 14 17
10207 17
8860 1 2 13 14 19
19 17 4
82 1 2 19 14
2928 17 3 13
4566 17 14 15
1770 17 19
10154 16 13 14
21385 2 13 6 7
14813 6 7
27936 1 13 14
3116 17
11327 17 14
59436 16 3 13
8197 17 19 14 15
9013 2 13 14
245703 17 2 4
11448 16 13
9822 1 2 3 7
9070 1 2 3 4 7
316023 16 13
13931 6 7
10139 17 11
379 17 19 14
198185 17
70 17
4961 19 18 3
16617 19 14 15
227700 17 19
211672 2 13 6 7
54551 13 6 7
54559 13 6 7
229407 6 7
229408 13 6 7
180 1 19 4 15
140870 2 6 7
14292 17 11
10510 17 3 7
339984 17
1396 17 11
62764 2 3 4 7 13 17
14517 2 3 4 7 17
13515 18 19 15
46441 18 19 15
373314 17 19
1700 18 19
1493 1 13 14
10040 1 13
283366 17 2 3
13967 16 17 7
376290 17 19
290762 16 17 13
15379 1 2 19 12
954 1 2 19
56292 1 2 19
177677 1 2 19
955 1 2 19
956 1 2 19
2067 4
1632 17 19 14
309242 17
309245 13
277834 2 3 6 7 13
3082 17 13
346808 1 19
265177 17
252680 13
11820 16 17
303858 19
11517 1 13 14
60308 17
12246 11
504 17 14
9297 3 13 6 7
4379 13
43933 17 19 4
1365 16 17
145221 17 19 4
62211 6 7
15512 2 4 6 7
59860 16 2 13
762 2 3 13
157820 17 3
17431 17 4
376867 17
698 1 2 19 4
83666 16 17 13
2039 16 17 13
13192 1 3 4 14 19 20
377264 19 4
38357 16 17 13
9312 1 3
9823 1 3 4
210860 2 13
30018 17 19 14 15
353069 17 13
824 16 17 20
6283 13 7
87818 13
91739 13
103731 17
10674 2 6 7
12242 1 13 6 7
1018 17 19 15
9304 3 4 13
612 19 17 11 1
145220 2 13 14 7
9415 1 14 15 17 19
6037 19 13 14 15
11892 17 19 14
8438 17 14
4176 17 19 15
11172 16 20 13
11648 16 13
336804 17
13256 1 2 18 4
13596 13
8874 16 13
8346 16 17 13
302688 13
14435 18 15
1989 16 17
2830 16 13
10377 17 13
11113 16 17 20 7
113160 16 17
4032 17 13 7
11317 16 17 13 7
329805 16 17
10161 17
1961 18 13
26022 16 17
9474 5 13
8392 3 6 7
282296 16 17 13
468 16 17
14197 16 17 13
10024 17
43931 17 18 19 15
12120 4 13
4474 1 3 4 13 14 17
75900 17
11171 17
9824 1 2 3 4 13
11191 16 17 13
322 17 19 14 15
9353 13 7
2742 19 17 3
14043 1 2 7 14 15 19
11283 3 13 7
35019 3 13
306952 16 17 13
8193 13
11022 1 19 14 17
5825 13
11418 16 2 13
9644 13
11153 16 2 13
11452 16 13
11078 1 19 13 14
2059 1 2 19 15
6637 1 2 19 15
241 17 19 14
81 1 2 3 4 6
11879 17 18 19
129670 17 2
10544 1 2 11 17
136797 1 19 14 17
10657 1 18 19 17
195589 13
325133 13
1945 17 19
328387 2 19 14
10774 17
26691 13
8456 17 1
70006 17 1
11355 16 17 13
42188 16 17 4
36670 1 2 19
10952 17 19 14
11596 3 18 19 15
11636 1 19 14 17
165213 19
62838 16 13
12572 16 17 13
11025 13
1738 1 19 4
10471 13
277368 13 7
12182 16 17 20 13
2086 17 19 14
1593 1 2 3 7 13
18360 1 2 3 7 13
181533 2 3 13 7
157823 17 19
18462 1 4 13 18 19
15762 18 4 13
19185 18
339 17 13
160139 16 19 15
3040 19 1 3
20481 1 18 3 17
242582 17 19 14
14326 16 17
10488 2 3 13 7
10197 16 17 20
10068 16 17
322240 3 13 7
11472 13
18079 17 19 14
9314 16 17 4
22832 1 19 14
14282 1 3 6
110398 17 11
6977 17 19 14
192141 1 19
136835 19 14
123109 18 19
3638 13
41630 16 13
10083 1 14 15 16 17 19
86834 17 2
340666 17 19
225574 1 19 15
9757 13
276905 2 13 6 7
213 19 15
9701 17
286873 2
653 18 3
6404 17 18
11397 13
14637 17 19
52077 13
11676 1 2 13
14410 17 20
509 13
90369 16 17
75656 19 14
291805 1 2 13 14 15 19
33511 17
10413 1 2 19 17
78383 18 19
10480 19 13 14
12107 16 3 4 13
134 1 2 13
75612 1 2 4 15
16991 17 13 14
17335 17 19
248774 16 13
161 19 14
298 19 14
163 19 14
13466 17 7
700 1 2 19
157547 18
179826 19 15
9609 17
384682 13
1542 13 14
22949 13 7
11635 13
87516 17 19 1 15
12233 13 6 7
257 17 14 7
117263 1 19
10768 17 18 19
9624 1 19
8202 1 4
668 1 2 19
146375 1 13 14
83770 17 2
654 17 14
5723 16 17 20
311 17 14
1428 1
335 1 5
527 17
209361 17 20 13
51828 16 17
6072 17 19
7300 16 13
510 17
54054 1 13 14 16 19
9357 18 19
12230 2 13 6 7
13933 6 7
6933 18 19 15
342878 16 17 13
16353 1 2 19
9316 1 19
77987 17 19 14
152603 16 17
215830 18 19 15
2055 5
7484 2 6 7
13690 2 13 6 7
83 17 19
9592 17 18 19
151368 1 19 14
1902 17 19
11857 17 13
16619 17
8675 13
2057 16 17 19 15
21208 18 19 15
11890 1 19 13 7
12610 1 2 6 7 13
15152 1 2 13 14
15588 1 2 13 14
242512 18
335796 18 19
10317 17 13
59968 17 13
205588 19
14362 1 19 14
606 17
1389 16 13 14
164457 17 19 14
678 17 19 15
2116 17 19 14
6950 1 19 4 17
289720 1
10540 4
10529 1 3 4
13160 16 3 13
7518 13 6 7
1825 1 17
10780 16 13
68728 2 3 7
13474 18 19
68726 1 2 4
116149 13 7
134374 1 19 14
8879 16 5
192132 17
266647 2 3 7
19898 1 4 15 18 19
4547 17 19 14
1417 17 3 12
11293 17 13 14
286565 16 17 15
140420 16 6 7
5924 17 14
328595 1 4
115348 17 19
1990 17 14 15
23827 18 15
41436 18 19
72571 18
82990 18
146301 18 19
227348 18 19
88042 13
1552 17 13 7
2266 16 17
655 17
119283 1 14
209262 19 17 11 15
24480 2 3 6 7 13
10538 1 2 19
13944 16 17 19 15
109099 17 19 14 15
10312 17 13
370755 16 17 13
1534 1
12192 18 19 14
975 17 12
9869 17 19 1 14
388399 19 17 11
11202 17 11 12
39513 2 4 13
14560 1 2 13 7
256961 1 2 13 7
159121 13 14
245698 17
10647 16 17
290637 18 19
2112 17 19 1 14
9620 1 2 4 15 19
676 16 11 12
5683 2 13
11167 18 19
10013 16 17 3 13
245913 17
7985 16 3 13
270946 2 13 6 7
98548 17
32657 2 3 7
76285 2 3 7
10494 19 6
51999 16 17 4
206192 17 19 14
7183 17 19 14 15
381341 17 13
1427 17 3 14
2011 17 6
797 17
353979 18 19
8913 17 18
10906 18
10601 2 3 7
294272 2 3 7
9638 18 4
152259 19
9827 18 19 4
29161 18 19
9294 16 17 3 4
9800 17 15
205220 17
71689 13 6 7
254578 17
1817 17 19
473 17 19 15
11020 17 19 15
9413 16 13
2786 17 19
10189 1 13
692 13
12104 20
10599 3 13 7
399106 6 7
24831 18
43593 18 13
71668 18 19 13
3293 17
285 1 2 3
58 1 2 3
1865 1 2 3
22 1 2 3
2787 1 19 4
114150 16 20 13
254470 20 13
257344 1 4 13
297222 17 4 13
10513 18 4
151960 2 13 6 7
218836 2 13 6 7
2609 17 13
16866 2 4 6 7 13
30675 1 4 6
869 1 2 19 4
1992 1 18 19
208869 17 13 1 14
792 17 12 1
15393 16 17 19 14
77875 16 13
277547 16 13
10227 13
2657 17 3 13
10530 17 2 6 7
13761 16 2 6 7
61404 1 19 14
257088 1 19 14
10498 17 19 14
10991 1 2 3 6 7
10228 6
12599 2 3 4 6 7
9336 13 14
10157 1 13 14
12118 1 13 14
10587 1 13 14
11825 1 13 14
11895 13 14
11546 1 13 14
9056 1 19 13 14
11134 1 19 13 14
9404 1 2 13 14 17 19
71157 17
12509 16 17
243688 18 19
11133 18 19
10306 18 19
15283 6 7
76649 1 2 11 16 17
23963 18 4 15
12429 6 7
11335 1 2 7 13 20
341012 20 13
136403 13
11621 2 13 6
10246 13
503 1 2 19 17
21484 17 18
25704 13
12665 19 17 3 4
327029 1 2 4
6435 17 3 13
25793 17
106 1 2 19 4
169 1 19 4
34851 1 2 19 4
206487 19 4
253310 13
49526 1 19 14
9963 17 3 15
13042 6 7
11092 17 19 14 15
114 16 13
6691 16 17 13
234200 17 13
4348 16 17
13150 17 19 14
58431 16 18 19 13
38321 1 3 4 18 19
1592 17 19 14 15
9440 17 13
2313 16 17 13
14337 17 19 4
113148 17 13
8852 18
9543 16 1 2 3
128 2 3 6
19458 17 13 7
176241 1 19 17
146233 17 19 14
9403 17 13
11077 13
28597 13
227719 19 4
57214 13 14
51588 13
8617 18 14
70981 2 4 15
133694 17
9777 17 15
11983 1 2 16 17 19
11252 18 19 15
10576 18 19 15
11322 17 11 14
680 19 14
9682 18 19
8051 16 17 13
72432 17 15
13056 1 14
13455 1
2061 1 19 14 17
12596 17 13
417859 1 2 3 6 7
83201 6 7
10764 1 2 19 14
13812 18 19 4
59115 18 4 15
121826 16 17 13
11979 17 18 3
18937 3 6 7 16 17
9588 1 2 5 16 17
10876 17
11450 17 11
374416 13
27585 17
6076 16 17 13
9511 16 13
323677 1 17
13836 1 2 3 4 7 19
14976 17
6439 13
382511 13
13920 17
30890 17 13
89185 17 13 7
242310 1 19 14
1578 17
85 1 2
380 17
10404 17
14024 16 17 20
378 13 14
4599 16 17 13
7555 1 19
1369 1 2 12 17 19
1370 1 2 19 12
38843 13 7
38780 1 19 17 14
75622 17 19 14 1
11645 1 11 17
7913 17
44896 2 5 6 7 13
3595 1 19
48395 1 3 4
548 17 14 15
9896 2 13
2062 3 13 6 7
234004 1 2 4 6 7 13
10212 5 18 19 13
2099 1 19 14
1677 17 20
1694 18 4 13
14370 16 13
39254 1 4 17
2788 17
567 19 15
240916 19 14
223 16 17 19 15
221 17
10664 18 19
185341 18 19
80280 18
39514 1 2 13 14 19
146216 1 19 13 14
12289 17 2 1
15384 1 11 13 17 19
60747 1 19 12 4
9533 18 19 14
11460 18 19
9604 1 13 14
75638 19
8870 1 19 4
49730 19
9626 1 2 3
48572 1 18 19
72431 1 2 11 12 17
136418 1 19
190469 1 19 13 14
11364 17
241257 18 19 15
6278 19 1 3 4
2355 17
2155 19
302528 17 19
23169 16 17
188538 16 17
10637 17
5125 17 19
1833 16 17 20 13
13820 17 4 13
31867 1 19 4 14
11481 17 18 19
641 17
9952 17 2 12
500 19 14
1576 1 18 4
35791 1 2 18 4
1577 1 18 4
133121 6
13648 1 18 4 6
7737 1 18 4
71679 1 18 4
47760 16 17
351145 19
1892 1 2 4
16690 2 3 6 7
13155 2 3 4 7
333381 19
13888 16 17 2
14052 13
6081 1 7 13 14 19
4148 16 17
10851 17 19 14 15
11011 13 7
275601 17 20 13
87421 1 19 4
168530 1 13
323675 1 13
11091 16 17 13
13389 1 2 14 17 19
355338 6 7
14564 18
2671 18 19
46195 2 13 6 7
172385 2 13 6 7
301 16 17 5
81188 3 6 7
61791 1 19 4 17
335778 1 2 17 15
7007 1 19 17
9346 16 13
10135 1 19
4147 17 19 14
9285 2 13
11780 2
20662 1
8005 13
8367 16 17 2 1
97020 1 4
5549 1 2 4 14 19
5550 1 2 4 14 19
84329 17 4 13 14
240483 1 2 4
9928 4 13 6 7
80585 16 17 20 13
12508 17 20 13
253414 12 20 13
13809 1 19 14
1366 17
1246 17
1367 17
1371 17
1374 17
1375 17
13022 1 18 19
330459 17 4 12 1
15373 13
11484 1 2 4
804 16 13
9326 16 1 2 13
51991 16 17 13
91745 16 17
6003 16 17
2085 1 19 14
10412 1 19 17
9611 13
8195 1 2 19 14
264644 17 19
48650 16 17
384371 13
1580 17 19 14 15
805 17 18 15
222649 17
10220 17 14
11584 16 13
21778 13
45649 3 13 15 17 18
7229 13 14
175774 2 3 4 7
103332 16 17 3 13
244403 17 20 13
13382 6 7
14534 17
10479 1 2 11 12 17
232 1 2 14 16 17
33542 1 19 13 14
241554 1 14 15 17 19
7942 16 13
104 1 19 17
4806 16 13
11329 17 19
11893 1 19
146238 17 19 14
7304 1 19 14 17
127533 1 11 17
221731 1 2 17
221732 1 2 17
96721 17 1
2109 1 19 13 14
5175 1 19 13 14
5174 1 19 13 14
11545 17 13
1826 16 17 13
97365 16 17
9530 2 13 7
9296 17 4 13
144336 1 19 17 14
11860 16 13
72387 1 19 14
112949 16
59961 1 19 14 15
84332 16 17 4 13
7364 1 2 13 15 17
287590 1 3 6
5336 17
11343 18 19 15
81025 17
27576 1 19 14 15
269148 17 13
254128 1 19 17
48340 1 19
11712 17 13 1
14645 13
279229 2 3 4 7
53457 17 12
11009 17 20
223702 2 3 13 6
82525 17 19 14
9816 16 17 20 7
13193 17 13
2360 13 14
857 17 11 12
10878 16 13 14
176 18 14 15
215 18
214 18 19 14
663 18 19 14
41439 18 14
11917 18 19 14
22804 18 15
9538 18 19 4
111 1 19 14 17
4247 13
4248 13
4256 13
4257 13
4258 13
9475 17
424 17 11 12
9842 16 17 13
1584 20 13
14684 17
9637 2 13 15
11024 2 3 13 15
512 13 15
273477 18 13
4232 18 14 15
4233 18 15
4234 18 15
41446 18 15
9102 18 4
9647 17 3 13
807 19 14 15
12150 17 14 15
4464 17 11
130267 1 19 14 17
23047 1 2 3
13156 17 13 7
290751 17 14 15
75258 2 3 6 7
1586 19 15
11013 16 17 13
11159 17
10007 18 19
11185 13 14
11249 17 18 13
88005 16 17 4 13
74998 1 19 17
238615 19 4 15
273895 17 11
13260 13
4584 16 17
13249 17 5
164251 17
9778 16 13
16320 1 2 19 4
262391 13
11592 19 13 14
182219 13
9040 17 11 14
10972 18 15
70586 1 19 14 17
16563 17 5 20 13
11321 17
86838 19 13 14
346 1 17
978 17 2 11 12
68737 2 3
5072 18 19 13
1364 16 17
4564 16 17 13
37786 16 17 13
13523 16 2 13
1412 17
289153 16 13
225886 13
11826 17 19 14
21734 17 19 14
10873 17 18
479 1 2 19 14
1934 11
4380 16 17 13
9905 19 14
9889 16 13
76025 17
3110 17 5
6038 1 2 5 13
8584 1 2 5 13
11770 1 13
65055 18 19
10555 1 13 6 7
205321 18
248504 18 19 4
331446 18 4
13537 17 11
747 18 13
263109 2 13 6 7
41505 18 19 15
10528 1 2 13 14 15 17 19
58574 1 2 14 15
379170 17 14 15
10314 16 13
245906 13
34016 16 13
9655 16 17 13 7
7863 17
27429 18 4
4141 1 19 13 14
7485 1 14 15 17 19
2605 4 13 7
11966 17 4 13 7
695 17 13
169813 17
1378 16 17 13
11634 16 17 13
10802 17
5851 1 13
808 2 3 6 7 13
809 2 3 6 7 13
10192 2 3 6 7 13
13394 2 3 6 7 13
810 2 3 6 7 13
329981 17 19
10885 18 19 15
11324 17 19 15
171337 17 14
273481 1 14 15 17 19
14924 16 17 20
109421 17 19 14
9675 16 17 13
117974 2 13 14
2675 17 19 4 15
68730 17 11
588 18 15
61012 18 19 15
92182 18 15
811 17 2 4
17898 18
82693 16 17 13
11509 1 5 14 17
187 1 19 14
189 19 14
21191 17 19 1 14
14411 2 6 7
335797 6 7 13 17 20
369557 16 17 20
872 16 20 13
9605 19
11068 16 17 20 13
82507 18 19 15
283445 18
2005 20 13
6279 20 13
266294 13
6068 16 1 2 13
15144 16 13
270774 1 13
5137 1 2 4 15 19
11459 2 13 7
37724 1 2 19
42684 4
11590 17 13
77495 19
13567 18
11561 16 4 13
819 17 19 14
64586 16 17
288036 13
7442 19 14
858 16 17 13
9893 13 7
2668 19 17 3 15
4520 17 19
10215 16 17 3 13
12498 17
9035 18 4 13
867 17 19
223485 16 19 5
12405 16 17
82424 2 3 6 7 13
11551 1 2 3 4 13
10569 1 13 14
253687 17 13
119278 18
10149 17 13
11006 1 2 13
7516 1 19 13 14
8688 14 15
326 1 18 19 14
107 19 14
2322 1 2 13 14 15 17 19
9545 1 19 17
134411 17 19
11888 2 13 7
58595 17 2 3
408 3 6 7
302401 17 19
110415 1 4 17
67748 17 18 19 14
10442 16 13 14
93837 1
339527 17 14 15
2103 16 17 4 15
9425 1 12 4
231176 13
32985 1 2 3 4
253344 13
15143 16 17
239 16 13
49022 16 17 13
6964 16 17 13
39210 17
294652 1 19 14 17
251519 1 2 6
13258 13
336050 17 19 12
10214 2 3 13 7
110416 3 6 7
15764 16 17
38985 1 2 19
26688 18 19 15
34494 13
31175 17 13
12657 16 13
43959 1 17
86812 17 4 15
45612 19 4 15
9473 20 13 6
354251 19 18 3 4
4723 1 2 4 13 17 19
307081 1 17
12101 19 4 15
5551 1 2 19
2300 3 6 7 13 17
192577 4 6
957 4 13
2539 13
236737 16 13
348537 16 13
967 1 11 17
10336 1 2 3 4 18 19
15058 17
355008 13
74513 1 12 17
9348 1 18 4
10216 1 18 4
324670 1 19 4
206647 1 2 14
1637 1 2 19 14
1639 1 2 19
7459 1 4 7
4174 17 19 15
10153 4
6116 2 3 13 17 20
9613 17 19 15
557 1 3
558 1 2 3
559 1 2 3
9080 2 13
9023 2 5 6 7 13
129 2 3 6 7
2619 16 3 13
37707 19 4
13220 18 19
381288 18 19
292040 1 19
314365 11 17 19
19918 13
241855 16 18 4
122081 17 14
12079 17 13 14
238713 1 13 14
1535 1 19 14
10535 1 13
10054 1 2 13 7
9488 1 2 13 7
12279 1 2 4 7 13
56288 1 13 7
995 2 5
52015 1 4 17 18 19
632 17 12 13
1398 17 19 4
235 17 14
265712 3 6 7
121824 1 19 13
329819 17
13475 1 2 4
188927 1 2 19 4
199 1 2 19 4
193 1 2 19 4
154 1 2 4 17 19
157 1 2 19 4
200 1 2 19 4
54138 1 2 4
168 2 4
201 1 2 19 4
152 2 4 15
172 1 2 19 4
174 1 2 19 4
11 1 2 4
1893 1 2 4
1894 1 2 4
1895 1 2 4
12180 1 2 3 4 6 19
140607 1 2 3 4
79108 13
2270 16 2 3 7
12914 2 4
13001 2 4
9663 1 2 4 16 17
209276 17
254194 18
563 1 2 19 4
10304 1 2 18 4
11127 1 2 4
114478 1 4 6
9384 13 14
35558 16 13
14055 16 17 13
16995 1
8066 17 19 15
10069 18 19
10048 1
10860 16 17 13
12133 13
9762 16 17 20 14
8328 16 17 20
41233 16 17
243683 16 17 20
85446 16 17 20
2670 17 18 19 15
9441 16 17
321697 17 11
10115 17 13
10307 18 19
284293 17
21629 13
11601 18 19 15
15567 13 6 7
86825 17 18 19
127493 1 19 14 17
44113 17
207933 19
9876 1 13
332210 13 6 7
9978 1 2 7
277216 17 20
281 17 19 4 14
302429 3 20 6 7
1262 16 17 3 13
469 17 13
845 19 14
64639 19
11667 1 2 19
15268 1 2 19 4
1266 1 19 14 17
14746 1 19 20
227300 1 19 13
11074 1 19 14 15
10890 1 13
9879 17 19 14
10137 3
10996 2 13 6 7
111969 17 13
1792 13
49020 16 17 13
356296 17 19 14
23629 19 1 3
9091 1 2 19
10650 1 19 14
12720 17 18 19
297761 1 3 4 14
271674 16 17 12
16305 16 17 2 13
363676 17 11
10279 16 17 19 14
28874 6
631 16 17
599 16 17
1272 19 4
13090 17 13
45132 1 13 17
37686 19 4 15
39939 13 14 15
8363 13
248507 13
9651 1 2 3 4
11918 1 4 13
1924 1 2 3 4
13640 1 4 6
8536 1 2 3 4
9531 1 2 3 4 13
11411 1 2 4
1452 1 2 3 4
166076 1 2 6
45162 1 2 6
22855 1 2 6
9408 13 6 7
19959 1 19 4
10900 19
15566 16 13
334074 1 19 14
11462 19 15
11906 18
13885 17 18 20
9684 17 13
11529 16 13
1921 16 17
976 17
302 19 14
10218 16 13
347031 2 3 13 16 17
9705 1 19 14
10760 13
4550 17 19
4960 17
231 17 19
72525 17 13
180863 17 14
7508 17
121734 2 13 6 7
11658 1 2 11 12 17
50725 16 17 13
64720 17 19
12763 20
11485 13 14
86555 17 13
8681 1 19 14
82675 1 19 14 17
260346 1
22907 1 19 14 17
11081 1 19 17 15
26320 17 20 13
314405 16 18 3
37933 2 3 4 6
306964 18
64 16 17
9718 13
353571 16 17 13
38961 16 13
226486 13
308084 17 13
38757 6 7
82881 1 13 6 7
9618 1 2 13
9067 1 3 4 13
230222 1 2 6 7
15657 2 6 7
11045 1 19 13 14
2332 1 13 14
2334 1 13
2335 1 13
103 17 14
3989 1 2 6 13 20
9567 1 12 17
72105 3 13
214756 13
177888 20 7
11824 16 3 13
98566 1 2 3 4 13
1497 1 2 4 7 13
1499 1 2 3 4 7 13
308531 1 2 3 13
13121 18 13
42194 1 4 14 17 19
10795 17 19 14 15
2179 20 13
10396 1 2 14 16 19
280 1 19 4
296 1 19 4
87101 1 2 19 4
534 17 19 4 1
11050 17 13
284689 17 11 12
41428 18 4
76617 18 19
72477 17 19 14 15
9388 17 13
112200 17 13
225565 16 13
9591 17 13
38396 13
87428 13
145247 17 2 13
1911 1 2 3
293646 17 11
260 1 19 15
6957 16 13
147 17
1613 1 19 13 14
299687 2 4
8452 1 19 4 15
34544 1 2 13 14 19
87436 18
254201 19 14
2756 1 2 19 4
13401 16 13
11847 1 19 13
302946 17 19 14
10868 17
2907 3 13 7
38050 16 3 19
14506 1 2 3 13
11692 1 4 13
2759 17 13
10907 16 1 2 17
14199 2 4 7
17578 1 2 6 7 15
488 16 2 12
293863 16 17 3
10436 16 17
13641 17 19 1 14
10733 11 12 5
1930 1 2 3
102382 1 2 3
27579 17 19 14
9087 16 17 13
10065 17 18 19
10514 19 4
103747 17 13
152790 17 13
153518 1 13 6 7
11090 1 13
55931 4 6
269173 1 19 4
9906 2 3 6 7 13
284 16 17 13
79694 18 19
10112 2 13 6 7
10547 1 19 4 15
64678 16 17
209247 13 14
11398 1 2 19
74643 16 17 13
253450 17 11 1
4512 1 5 17
5172 17 2 4 13
2900 17 19 4
299551 18
397243 18 15
9320 19
2567 17
77949 18 19
6968 1 11 14 17 19
242224 17 18 19
34806 16 13
11699 17 14
23479 13 7
242076 17 19 14
8848 17 19 14
10474 17 14
17295 17 11 12
123105 18 19 4
81446 1 13 14
1907 16 17 2 19
50780 17
4012 17
9957 13
328901 17
74534 17 13
146304 13
239571 16 17
152742 16 17 14 15
887 16 17 11
19204 18
267935 2 3 7
175 16 17 2
12481 1
12560 17 13
9448 1 2 19 13
115 13 14
318846 17 13
910 17 19 14 15
87567 13
73937 13
11000 13
571 18
618 16 17 11 12
10957 6
9676 17
9570 1 2 4 7
2667 18 15
304410 17 20 13
22881 17
96936 17 14
8851 18 4
5689 16 17 2
200481 16 6
525 1 20 13 14
18947 17 13
111083 19 15
619 1 16 17 19 20
9481 17 19 14 15
20504 1 19 4
228326 2 3 6 7 13 16
203833 17
8374 1 19 14
22821 1 19 14
9449 1 2 3 7 13
323676 13
2669 1 11 17
27573 1
2501 1 19 17 15
49040 1 19
2502 1 19 17
2503 1 19 17 15
22825 19 4
170687 3 13 6 7
321258 18 19 15
315465 1 2 3 6
14574 17 12
241251 19
16241 17 18 19 4
330764 3 13
127867 19 3 13
183836 13
4413 17 19 14
9767 16 13
2108 17 13
17350 13
826 17 11 12
688 16 17
137182 17
308453 17 13
28942 18 19 4
21755 16 17 2 13
4442 1 2 3 13 19
7350 17 13
11974 18 19 13
12165 16 17
132363 17
1954 19 4
14620 17 19 4
16258 17 19 4 14
22970 18 19
9894 17 19 13
158011 19
77953 13
265010 18 19 15
11286 13
244761 19
10588 3 13 7
15370 2 3 6 7 17
9042 19 1 2 18
309 17
8843 18 19 4
49520 13
13550 18 19
13855 17 19 14
16342 18 19 15
988 17 19
330483 16 17
5528 17
2454 2 3 7
411 2 3 7
10140 2 3 7
2789 1 4
2791 1 19 4 6
1715 17
28978 16 17 13 7
902 2 3 4
352161 19 17 11 14
8841 17
10731 17 19 14 15
238215 17 3 13
77948 1 19
134597 18 19
21407 18 19
178809 1 18 4
11873 17
873 17
11663 17 20 13
44129 17
87496 17 19
25205 17 13
14636 1 19
152795 17 4 6
138843 18 19
259693 18
197950 1 19 14
60309 17 11 14
1985 17 19 15
1441 17 19 1 14
592 17 14 15
7452 17 14
9341 1 2 19 4
109091 17 19 14
11362 1 2 19 17
7862 17 12
9954 1 2 3 4 18 19
9100 19 17 18 3
60670 19 14 15
49519 2 3 6 7 13
9495 19 1 3
10546 19 1 3
20539 17 11
11386 16 17 19 14
4922 3 15 16 17 19
2779 13 14 15 16 19
533 2 13 6 7
591 19 15
21641 17
306819 17
4538 17 2 13
11639 3
155 17 19 1 14
49026 1 19 14 17
248933 17 11
71469 1 18 19 4
257345 18 19
435 1 2 19 4
4909 1 19
10200 17 19 4
10651 1 19 14
11336 18 19 4
10425 17 19 1 14
48289 17 19
11778 17 12
244610 18 19
1422 17 19 14
65057 17 13
9392 2 18
34480 19 2 18
76487 18 19
350 16 17 13
1813 17 18 19 15
1433 3 4 17 18 19
62630 1 12 14 17 19
4477 17 19 14
1696 17 18 14
250124 16 17
76493 13
44564 17 13
9421 13
1654 1 2 12
38542 17 19 14
157829 17
4593 13
38541 4
2013 17
389053 1 2 13
10537 17 20
73499 1 14 15 17 19
1600 17 19
133469 16 17 13
1278 16 17
298382 17
154400 17 14
12783 16 17 11
272693 16 13
250225 17
6519 1 2 13
169219 19 15
49494 17 2
87499 17 19
9433 1 2 19 17
376660 17 13
1955 17 11
11688 2 3 6 7 13
1891 1 2 4
249688 17
10649 1 19 14
409 16 17 12
174321 17 13
24740 18 19 15
156022 1 19 14
351964 16 17 13
764 18
8643 17 18 19 14
9552 17 18 19
11587 18 19 15
27578 1 19
76163 1 2 19
138103 1 2 19
43549 17 19
29264 17 3 13
35552 1 2 3 15
9030 17 18 19
136911 19 14 15
9276 18 4 15
14784 17 2 3
112205 1 13 14
5994 16 17 3 13
9043 16 17 13
9566 17 19 15
9799 1 19 14
9615 1 19 14 17
222935 16 17
3053 18 13
18 1 2 3 4 19
162903 17 19
45317 17
8738 1 4
11099 17 19 4 15
19912 18 15
293970 18 13
300673 19 1 11 17
37233 17 19 15
12169 17
84199 16 17 13
2925 13
177 17 13
72207 13
888 3 13 7
889 16 4 13 7
76758 17 11 12
11815 17 18 4
10344 18 19 4
791 18 19
1729 1 2 3
329440 18 19
255157 17 19 14
10145 4 14 15 17 18 19
310307 17 11
1381 16 17 2 4
9093 16 17 2 12
22824 19 4
10948 17 2 6 7
1051 1 19 14
10779 18 13
199373 19 14
5503 1 2 14 15 19
9427 13
318121 17 13
299245 18 19
284536 17 19 14
2649 17 19 15
13680 13 7
198375 16 17 6
6917 18 3
17689 17 19 1 14
961 1 2 5 12 13 17
2275 17 19 14 15
5916 1 19 14
10586 2
11439 19 15
2046 17 18 19 15
186161 13
10591 13
346685 16 17 19
33613 1 19 14 15
14069 17 3 4 6
24253 1 14 15 17 19
375366 17 18 19
65754 17 19 14 15
227156 17 4
2176 17 19
9625 1 2 14 17 19
238 17 14
240 17 14
242 17 19 1 14
8393 1 13
962 17 2 13 7
10136 1 2 13
2268 2 3
105864 2 6 7
9962 16 17 13
250538 17
1247 11 17 19
9272 17 18 19
429 5
15067 1 2 5 13
9340 2 13 7
37247 16 17 13
120467 17 13
209185 13
44865 1 11 17
596 17
179144 17 13
14047 17
914 13
5925 2 11 12 17 19
11034 16 17
9994 6
13922 1 11 12
5698 1 2 5
311324 19 1 2 3
15487 17 7
40805 1 13 14
171424 18 19
497 17 3 14
75174 1 19 17
18129 17 14
1970 18 19 15
1975 18 19
1977 18 19
67913 1 19 13 14
4643 1
241848 1 19 15
82687 13
266396 1 17 14
10911 1 2 12 17
312831 18 3
11087 17 19
290098 16 17 19
18785 13
45243 13
109439 13
8645 19 4
11384 1 13 14
273248 17 5 14 15
10756 3 7 13 15 19
11618 3 18 19 15
18781 18 19
150202 17 18 19
9038 13
136795 1 13 14
14400 17 2 19 1
50014 17
80184 19 15
1059 17 2 13 1
9792 18 19
9793 18 19
8398 1 18 14
7453 2 4 13 7
49051 1 2 3
122917 1 2 3
57158 2 3
45650 3 2 19
1581 16 13
8327 17
264656 17 5
37905 1 18 19
547 16 17
72710 1 2 4 16 19
11852 3 13
590 17
12620 16 13
25983 18 15
11298 17 18
11934 17 13
37169 18
74997 17 18 14
94365 18
10922 16 17 19
10545 3 6 7
12448 16 2 6 7
228194 17
11654 16 18 19
70160 2 3 4
101299 1 2 19 4
131631 2 19 4
131634 2 4
244688 13
103663 17
1669 1 2 19
10632 17 19 1 14
70954 17 2 19
231474 2
290595 1 2 17
10400 17
990 17
68924 17
68812 17 19 14
10316 17
1491 19 17 3 16
8054 2 3 15
205596 19 17 11 12
56909 13
152599 16 17
9026 16 17 11 13
80278 17
242022 13
69798 13
124459 13
1724 1 2 4
9806 1 2 4 6 7
11359 2 3 7
325789 17 19 14
11323 17 19 13 14
58428 18 19
16372 18
9008 17 19
257211 13
4959 17 19 14
116741 13
179 1
228967 1 13
77338 17 13
4858 19 4
23082 16 3 13
9785 1 2 3 14 17 19
303542 2 3 4 13
10787 18 4
306947 19
10386 2 3 4 6 7
71688 17 11
1635 1 2 19 4
9654 1 14
4824 1 2 19 14
9667 3 17 19 15
5951 16 17 13
6471 13
10303 16 1 2 13
41479 17 13
205587 17
278927 17 2 3
14873 2 6 7
38575 1 2 17 7
8856 1 2 7 16 17
10495 2 7
196024 19 14 15
4244 3 13 7
63831 17
39781 17 13
10835 1 19 14 17
37414 17 19 14
247 17 19 1 14
625 17 11 12
262 17 13
4349 1 19 17
156700 17 13
45269 17 11
328589 17 13
940 19 15
5516 19 13 14
2044 16 17 15
12144 2 6 7
15997 2 6 7
152426 4 15 17 18 19
10196 1 2 3 7
9319 1 2 19 13
2100 1 19 17
168138 2 19 4
190847 18 19 4
746 17 11
38358 17 18 19
146203 18 19
206296 16 17 20 13
15516 18 19
1523 17
7511 16 17 13
9703 1 2 3 12
2267 2 7
317442 16 1 6
9361 1 2 11 12 16 17
25188 17
616 17 11 12 1
35690 16 17 7
76640 1 19 14
11884 1 2 4
11051 17
10150 3 6 7
274854 1 2 3
10163 18 19 4
243940 18 19
13825 17 19
8698 19 1 3 4
44249 17 11 1
10376 3
4958 17 3
12207 1 13
188207 1 2
258489 2
1656 1 2 5 17
324849 1 3 6 7 13
137106 1 2 3 6 7 13
1040 17
7548 16 17
14207 1 2 3 13 16 17 19
14208 1 2 3
14728 1 2 3 13
421 17 2 13
11615 17 19 14
157375 16 17 13
283552 17
50348 17 19 14
8587 17 6 7
11430 13 6 7
9732 2 6 7
276844 16 17 13
10144 6 7
13676 6 7
10898 6 7
309809 2 3 6
10897 16 13 7
582 17 19
708 1 2 19
18736 2 13 7
254320 4 13 16 17 19
72784 19
57201 1 2 5
11412 1 14 15 17 19
9289 1 11 12 17
228205 16 17
206821 17 13
9291 17 13
8270 17 19 14
73723 6 7
123 17 2 3 6
120 1 2 3
122 1 2 3
121 1 2 3
104755 18 19
34813 1 2 14 15 19
1547 18 13
28580 17
330 1 2 4
14136 3 13 7
12177 16 13
209249 13
46420 18
7980 17 3
77877 16 17
191714 16 17
174675 19 4
4553 17 19
760 13
239877 16 13 14
8094 17
333484 1 2 5
11086 16 17
963 17 19 14
9074 1 13 14
13363 17 4
51608 1 19 14
9313 1 2 17
991 17 4
353326 17
9414 1 19 13 14
574 2 14 15 17 19
11697 5
10778 17 14
983 17 2
682 1 2 19
97430 1
11591 16 4 13
10502 17
14462 17 19 15
250480 6 7
8975 1 2 19 17
286217 17 2 4
854 16 3 13 14
9342 2 5 13 16 19
68722 17
9515 1 13 14 17 19
603 1 4
604 1 2 19 4
605 1 2 19 4
198663 1 19 4 15
4543 13
329712 17
27582 1 19 14
10610 3 1 19 13
10313 12 13
11162 16 17
28089 17 11
10047 1 2 11 12 17
9966 17 18 19
6073 16 1 13 14
10185 14 15 17 18 19
10414 13 7
12146 2 19 5
11416 17 2 11 1
5876 18 19 4
10466 16 13
13509 1 3 4 13 18
152760 17 11 12 1
123553 1 2 3 15 16 17
11120 17 2
15206 18
2637 17 18 19 15
1653 17
564 1 2 3 18 19
1734 1 2 3 17 18 19
1735 19 1 2 3
10437 17 3 13 7
11176 2 13 7
64328 20 13 7
11899 16 13 7
37137 1 13 14
36593 1 13 14
37136 1 13 14
192 17 19 15
12435 16 17 13
11393 17
41602 1 13 16 17 19
9631 1 2 14 15 17 19
301365 18 19
1642 1 14 15 17 19
34584 17 2 3 7
34636 17 2 3 7
344268 13
283726 17
10985 13 7
11400 16 17 11
11231 2
43539 16 17 19 14
290250 1 13 14 15 19
296100 13
33365 13
3112 19 14
9479 3 6 7
12994 3 4 15 17 19
622 18 19 15
113833 17
11036 16 17
254904 1 19 14
3594 17 19 15
77234 1 19
227783 2 13 6 7
9327 16 3 4 13
11356 13
71864 17 3 13 7
11234 1 19 4
806 17 18 19
10796 1 19 4
242090 16 17 13
89008 16 17 13
6537 17 18 19
12184 17
27581 1 13 14
364116 18 19
52505 17
1933 17 18 19 15
10747 17 5
227 17 14
308024 13 15
12245 19 14 15
189197 1 2 11 12 17
10022 1 7 13 17 19
111440 18 19 15
15139 3 4 6 7
14202 16 17
82390 19
9820 17 13 7
166 16 17 13
171 16 17 13
780 17 11
615 17
152780 17 15
2024 17 11 12 1
6623 1 19
227973 6
9944 1 19 15
13122 13 15 17 18 19
304372 17 19
66195 19 13 14
15648 16 17 13 7
13505 13 14
2133 17
84892 16 17
9826 1 2
9833 16 17 19
981 16 13
423 17 12
713 16 17
1791 16 17
12096 1 7 13 14 15
15159 13 15
12268 13 15
72197 2 13 6 7
97367 17 14
10403 17 13
89899 13
5955 17 19 14 15
5255 2 3 6 7
551 1 2
77883 18 19
272692 18
9922 17 2
1124 17 19 15
241254 1 19
11137 16 13
9837 2 6 7 17 20
10198 16 20 6 7
2493 2 3 7 13 16
9880 16 13 7
11130 16 17 13 7
9899 20 13
271736 17
11980 19 18 3
18240 16 17 13
8982 1 19 14 17
8867 1 19
120605 1 19 17
158015 18 19 4
238636 18 19
316727 1 18 19
10849 16 3 13
1402 17
282813 18
1165 17
9103 1 2
12106 1 2 5 17 19
10176 17 19 4
3109 16 17 13
193612 18
94329 1 19 14
180299 1 19 14
127560 17 11
11975 17 19 14
70436 19
8055 16 17
1683 18
24122 16 13
1647 1 19
15265 17 3 7
19542 16 17
337703 17 3 6
14283 15 16 17 19 20
49787 17 18 19
11015 18 19 15
280002 18 19
1245 16 17
11702 17 19 1 14
10393 13
11319 2 3 6 7
11135 2 3 6 7 14
50671 19 15
15969 16 2 6
10925 18 13
11843 13
281957 17 2 19 5
289727 16 13
347969 5 13
209406 16 13
9549 17 11
565 18 19 15
10320 17 18 19
9927 13
270302 17 19
48171 17 18 19
8987 1 2 19 14
20766 17 2
10501 2 13 6 7
228108 17 13
9802 1 2 19
10186 20 13
10249 1 2 4 7
36685 18 4 20 13
6723 1 13 14 17 19
17473 16 17
49950 17 18 19
41411 17 11 12
157845 17 14
9428 17 13
14444 6 7
11152 17 18
1809 16 17 13
23514 17 13
27586 17 20
10159 1 2 19 13
865 1 4
211067 18 19 15
10003 1 2 4 16 19
266285 17 5
11528 13 7
58013 13
11395 17 3 13 7
9021 3 13 7
13767 2 13 7
8272 17
10533 16 17 11
300 17 3 13
11371 1 19 14
9334 1 2 3
13486 1 2 3
1913 17
291351 17
3114 5
268238 17 13
310569 17
11236 17 3 7
25376 16 17 14 15
12837 17 2
328111 2 13 6 7
116745 17 2 3 13
26963 3 6 7
10021 13
11704 17 3 6 7
51739 3 6 7
2274 2 3 7 17 19
5820 1 19 14
11503 18 19
113947 16 17 13
10653 16 17 13
490 17 3
8850 1 2 3 4 19
10067 13 7
332567 17 18 19
278 17 14
694 18 19
6440 16 17
20334 16 13
9882 17 19 1 14
334517 17 19 12
242095 19 4
274 17 19 14
35 13 6 7
9779 17 13
10188 17 2 13 7
57431 13
745 17 19 15
9913 17 18 19 15
244772 17
63311 17 18 19 15
11478 17 19 14
41513 2 3 6 7 13
77931 3 13 6 7
37799 17
17332 17
27022 1 2 3 13 17
15121 16 17 20 7
1555 16 17 13
2636 1 19
157386 16 17 13
8204 2 3 7
8285 1 4 13 14 19
23172 1 13 7
691 1 2 19
10707 17 13
13519 18 17 2 3
308032 17 19
225703 13
2056 17 13
19904 18 19 15
9890 1 4 13
9277 17 13 14
404 17
10665 18 19 15
60803 17 2 13 7
4614 1 19 17
22586 3 13 6 7
116613 1 17 14
10217 17
11812 16 13
41210 16 17 13
9078 6 7
297608 18 19 15
18487 17 19 14
8333 1 2 19 14
10199 2 6 7
149871 17 3 6
86597 18 19 15
6844 17 11
11482 3 19
594 17 13
218 1 19 4
30497 18 19
9373 18
16337 18
10781 18
266856 16 17
3529 13 14 15
8741 17 11 12
60935 18 19 4 15
10785 18 4
1092 19 15
1090 19 4 15
913 16 17 13 14
246320 13
8053 2 5 14 15 17
52451 1 2 19 13
76489 13
15655 6 7
2135 1 2 4
24420 16 17 3
129139 16 13
37710 16 1 19
24056 1 18 19
5919 1 19
23168 17 19 14
287084 18 19
15239 1 18 4 13
1857 6
4108 1 19 14
287948 1 19 14
3090 1 2 5 17
8967 17 3
63578 17 13
9662 17 2 13 6
11219 19 13 15
37165 17 13
301608 19 14
46221 18 19 15
10771 1 19 4 13
9385 2 13 6 7
50619 16 2 3
50620 16 17 2 3
24021 16 17 2 3
18239 16 17 2 3
192149 19
20943 16 13
13788 18 19 15
14254 17 18 19
117 19 17 11 14
629 17 19 14
21427 13
1644 17 19 15
157544 18 19
257087 18
24226 17
6947 17 19 15
11656 17 14
1443 16 17
298312 18 19
12473 17 20 14
11687 3 4 13
248705 13
10353 3 13
244458 18 19 13 14
219318 13
72570 16 17
204 17 2 19
293670 18 15
285783 17 2 19
249 17 19 13
8974 18 19 4
45657 18 19
11474 1 2 14 17 19
46528 1 2 3 5 19
80035 13
10685 19 15
256917 17 12
54318 2 3 7
10663 13
336882 1 19 17
59468 17 2 13
49009 17 2 11
237791 16 17
9462 1 14
147773 17 13
6963 17 13
6961 13
2018 13
252838 13
11003 16 13
65760 17 19 14
37903 17 14 15
2069 13 14
2122 19 13 14
331583 17 19
9708 18 19 15
9904 6 7
576 2 5
149870 6
1116 17 11 12
761 13
310131 18 15
10166 18 2 3
6069 18 3 13
630 2 3 7
13666 17 18
106646 17 13 14
7978 17 18 19
76170 1 2 3 4
65599 18
65086 17 18 19
288158 17 18 19
13972 16 17 13
9692 17
83686 17 19
36643 1 2 19
107985 1 4 13
9912 17
10017 1 4 14 16 18
12163 16 17
531 13 6 7
846 19 4 15
8836 17 19 4 15
57361 17 19 14
18320 16 17 11
157834 17 3 4
1541 17 2 19 14
10832 18
7345 17
544 16 13
199575 17 19 4
9299 18 19
364433 1 4 13 17 19
9394 1 5 13
180296 13
8337 1 18 19 4
14979 1 19 14
11524 1 19 14 17
67660 16 13
184098 16 13
10280 18 19
9378 18 19
192145 16 17
22536 17 18 19
11023 17
11973 17 19
8092 17
89492 13
11798 17 14
11031 20 13
109414 1 13
239678 17 13
59962 16 1 13
53487 17
10195 1 2 3
76338 1 2 3
19100 13 7
8388 5 13
108 17 20 15
110 16 17 15
109 17 13 15
11963 1 19 15
6415 1 2 13
12154 17 13 7
38286 13
11630 13 7
61979 16 17
3777 17 11
11896 13 14
202575 2 3 6 7
660 1 2 19
636 17 19 4 15
11559 19 17 3 4
10687 17 12
265228 17
36819 2 3 4 7 13
273271 19 4
8831 1 19 4 14
14139 19 4
9562 1 2 4
10478 16 17 13
13179 2 3 6 7
44683 2 3 6 7
297270 2 6 7
25475 2 3 6 7
175112 6 7
49517 17 19 15
597 16 17 19
1273 1 2 3 4 7 13
198 12 13
381 14 15 16 17 19
577 19 17 3 13
22584 1 2 12 16 17 19
595 17 14
81836 16 13
60281 16 17
13398 17 6
18148 17
184352 17 19
18911 1 3
65229 17
11969 1 2 5 11 17
11381 13
382591 17 13
714 1 2 19
43930 1 2 17
158852 1 2 4 7 15
374475 17 13
23023 3 13 7
9576 16 13
284296 17 13
744 16 17 12 1
8764 13
11165 1 2 11 12 17
10718 1
36834 16 17
64635 1 2 19 4
1480 17 19 14
59108 1 13
862 13 6 7
863 13 6 7
10193 13 6 7
213121 13 6 7
256835 6 7
11597 3 4 13
290764 1 14 17
203819 17 2
1621 17 13
1900 17
396535 1 18 19
2034 1 19 14 17
627 17 14
271718 13
13291 17 19 1 14
68727 17 19 14 15
546 17
157353 17 19 4 15
1858 1 2 4
91314 1 2 4
38356 1 2 4
8373 1 2 4
9335 1 19 14
13387 1 2 19 14
6687 19 14 15
9039 1 19 14 17
206563 17 2 19 14
9016 2 3 4 6 7
9362 1 18
11069 1 18 4 13
10829 1 4 13 18 19
70578 17 19 14
26466 18
23202 18 19
11829 5 13
146198 19
9044 17
46146 18 3
136799 2 6 7
97 1 2 4
20526 1 2 4
7446 1 13
87825 16 17
652 17 2 12
10354 17 14
44264 17 2 5
36955 1 19
339396 1 13
319 16 1 19 14
245706 17 14 15
294016 17
44945 17 19 14
300693 17
101179 18 19 15
57112 13
13768 3 4 7 16 17
46838 18 13
77950 6 7
310135 1 2 4 13
9796 18 19
94562 13
6951 1 7 13 14 19
246403 17 18 13
250235 13
63 19 4 15
121642 16 17 12
8966 16 17 2 3
15301 3 4 17 18 19
1923 17 15
9493 17 13
13572 1 2 14 17 19
664 1 2 17
1997 17 2 7
221902 17
9910 17 19 13 14
10362 16 17
11916 5
286554 16 13
2642 16 13
76543 16 17
10155 19
3536 1 19 12 17
9920 1 19 4
626 17 3
9741 19 1 3
227306 17 12
2616 17 13 7
366564 13
8845 1 19
3512 1 19
10562 19 15
375012 18
97370 17 19 4
10934 16 17 13
12277 1 13
6589 1 2 13 7
153158 16 2 6
11902 17 12 13
277 19 1 3
52520 1 18 3
346672 1 18
834 19 1 3 4
12437 1 2 3 4 19
15070 1 2 19 17
15255 1 19 14
38234 1 19
2251 17
239573 13
33 5
277685 18 19
9829 1 11 14 17 19
9349 1 19 4 14
122857 1 4 15 18 19
28510 1 2 19 4
10366 1 4
9828 17 19 14 15
10027 1 14
44048 1 19
38199 1 2 19 17
8090 17
14160 2 13 6 7
366514 16 13
11455 13
22947 16 17
58244 16 17 3 4
145197 17 4
14926 13
9877 18 19
752 3 1 19
10294 18 19
296099 2 13
10984 18 19
32856 16 13
37861 17 2 3 1
14175 2 6 7
2253 11 17 19 12
203739 1 3 13 15 18
12158 16 18 13
9945 1 3 17 18 19
40264 18 13
7131 1 18 2
10032 13
19824 13
1903 4 15 16 17 19
43552 17 18 19
11951 1 19 17
7461 17 19 1 14
14709 16 17 13
11419 13
180948 19
1808 17 20
197082 17
177494 17 13 14
11678 1 2 19
426 14 15 16 17 19
10029 19 13 14
70706 17
84348 18 19
267806 18 19
159117 18 19
307663 1 2 19 4
5038 16 17
228066 17 19 4
320007 16 17 19 14
837 18 4 15
9597 1 3 4 14 15 19
11523 16 13
12122 18 19 4
32085 17 3 6
9271 1 19 4 14
9423 1 18 4
353686 18 19
169020 13
10357 1 19 4 17
219 16 17 13
129112 17
586 17 13
11206 18 19 14
52338 16 17
10758 13
9081 17 6
6575 20 13
187596 13
69 16 17 20
36040 17 2
11358 17 2 19 1
77951 2 6 7
10673 17 14
33909 17 14
10681 6 7
8885 17 12 6
50647 13
8909 1 19 14
10431 1 19 14
308266 17 13 14
57212 17 12
74 2 19 4
68735 1 2 3
860 19 4
82654 16 18 13
59440 1 17
2110 17 13 1
6916 1 13
13183 1 4 15
55787 16 17
11837 17 2 6
9804 1 2
8872 13
8873 13
315319 13
11170 17
291272 18
159128 17 18 19
301351 16 17 20
74465 17 13 7
71859 17 19
2001 17 19 14
10590 1 11 12
9522 16 13
79120 16 17
8491 13
11814 16 3 13
284537 17 13
205724 13
85038 13
93828 1 2 14
31007 17
48415 13
8265 13
138832 13 14
1725 17 20 14
2362 1 2 4 5 17 18 19
2171 13
208277 17 13
1088 17 7
53319 13
10735 16 17 13 7
10276 13
12159 16 17 3
10242 17 19
9029 16 13
212716 16 17 13
8944 17 13
2655 17 18 19 15
127373 17
76494 16 17 13
276843 13
246741 18 13
3981 16 13
19265 16 13
1587 16 17
112198 17 13
63492 16 13
10053 18 19
13477 16 3 13
242828 17 6
232679 17
11046 1 2 11 12 17
10564 16 17 13
16523 3 7
252512 17 13
2064 16 17 13
22798 17
244786 17 20
279641 12 13
37797 17 6 7
157825 17 19
12153 13
13368 16 20 13
12227 1 2 17 7
117251 1 19 17
10158 17 13
11804 17 18 19
22787 1 19 14 15
8697 1 2 19 13
856 3 6 7 13 14
396 17
356305 13
280391 2 13 6
11208 16 17 19 15
228970 17
483 19 13 14
265208 17 19 14
13971 17 13 7
11199 1 2 13
614 17
265195 17 19 13
44147 1 13
617 17 14 15
8487 1 2 4 5 13 17
847 17 2 1
185460 19 2 18 15
252 3 7
11823 16 13
13476 16 13
55725 17 13
12100 17 11 12 1
144 16 17 3
51162 6 7
265169 17
39013 17
137321 16 17 3 15
231576 17 13
179538 18 13
13446 17 13
10762 1 2 19 13
9281 16 17 19 14
37257 17 14 15
26736 2 3 7 13 17
110420 17 3 6 7
9885 18 19
199534 18 19
309302 17 2
304357 17
4203 17 13
11004 17 13
15359 1 2 4 6
3525 16 17 13
1852 19 17 11
72190 1 4 17 18 19
20178 16 13
97051 18 19
57165 2
82690 2 13 6 7
50838 19 15
13198 16 17 3 13
83186 13 15
9902 18 19
13186 18 19
23823 18 19
71672 18 19
125509 18 19
259072 18
12160 17 5 1
290999 18
36657 1 2 4
246655 1 2 3 4
127585 1 2 3 4
49538 1 2 4
2080 1 2 19 4
36668 1 2 19 4
36658 1 2 19 4
352492 17
7451 1
47971 1 2 19 14
11679 1 2 14
278236 17
1391 16 17
6935 1 14 17
17610 2 13
12105 3 20 6
10201 16 13
41515 2 13 6 7
11878 1 19 17
38303 16 13
36950 17
10661 1 13
1819 16 13
667 1 2 19
38031 16 17 13
184314 17
3034 4 13
11967 1 2 5 17
9086 2 5
215379 1 4 5 17
11904 1 2 7 14 15 17 19
38319 1 2 3 13
84355 17 13
83899 18 19 15
13499 16 13 7
310593 17 13
22327 16 17 13
9489 16 13
245775 17
193687 17 19 4
10358 13
278774 13 7
4923 19 1 3 4
6795 2 3 4 7
246 17 2 1
11030 13
97630 11 17 19
1949 17 19 14 15
254474 1 18 13
7219 18
19908 18 13
38317 16 13 7
9398 13
329833 13
14113 3 13 7
269149 2 13 6 7
185567 17 19 14
