19913 5 7
74945 1 2
333371 8 1 6 7
4951 5 7
58547 5 7
10035 5 7
7840 1 7
11674 2 5
13654 2
10481 2 5
9282 8 6 7
389 7
17134 8 1 7
195269 1
76203 4 7
44115 8 1 7
44982 8 7
58857 1 7
10096 1 5 7
300671 8 1 4 7
155084 8
3021 8
1492 1 4 7
2207 8 1 6
40205 1 2 7
16996 5
11519 1 5
84165 5
584 8 1 6
136400 1 5 6 7 8
173 1 7
62 1 6
4437 8 1
14161 1
844 1 7
8065 6 7
107811 5
470 8 6 7
64688 1 5 6
37645 8 1 6
187017 1 5 6
2750 5 7
13989 1 6
1429 6 7
6557 5 7
170 8 1
1562 8 1
192102 8 1 6 7
20453 5 7
1280 6 7
4513 8
42941 8
62206 1 5
1271 1 4
53182 1 4
12138 8 1 5 6
166666 6 7
284564 8
5176 1
7291 8 6 7
2009 7
2752 5 7
332502 8 1 6
109410 7
311291 7
64686 1
38142 2 7
1824 5 7
3682 9 7
323674 7
287689 5
252178 8 1 4 7
82657 8 6
422 1 7
65 7
1958 8 9 5 6
3489 8 6
8224 8 6
12244 8 1 2
200713 5
8827 5 7
283235 7
453 7
11471 1 6 7
324807 8 6 7
11344 1 6 7
5902 4 7
1607 6 7
9487 2
13187 2 5
17979 2 7
850 2 5
11247 5
74018 2 5 7
185 1 7
532 2 5
130739 5 7
340837 8 6 7
48231 8 7
101519 8 5
85435 5
881 7
623 5 6
391 1
6399 1 5
252171 8 7
47964 8 1
288281 8
9726 5 7
15789 1 2 5 7
530 1 2 5
8194 6 7
704 9 5
139038 8 5
184345 8 5
127846 8 7
59 8 6 7
270010 5 7
9476 1 7
11287 2 5 7
8067 8 1 5 7
45156 5 7
283227 7
19101 1 2 7
81390 8 1 6
141043 5 7
8976 5
8409 1 7
348678 5 7
14447 2 5
1988 8 7
188161 1 5
258230 1 7
77459 1 2 5
241239 8 1 6 7
157849 8
37719 5
9429 5
23437 8 6
10072 8
10131 8
10160 8
10014 8
12403 8 1 6
322125 8 7
1965 8 6 7
9559 8 6 7
21575 6 7
293 7
11257 7
88273 4 7
3509 8 1 2
60243 7
73861 8 6
12573 5 7
1594 5 6
10223 8
34653 7
10077 8 1
404378 2 5 7
702 7
4552 8 6 7
72358 5 7
1645 8 6 7
775 1
49953 2
55465 5
2841 4 6 7
364067 9 5
707 8 1
169917 8 6 7
9560 7
232572 1 5 7
10229 2 7
59965 8 1 6
245 5 7
94901 7
222899 5 7
2755 5 7
122906 1 5 7
9395 8 1 7
72331 8 1
74777 8 6
66 8 6 7
86828 1 5
9788 5
316002 5 7
25364 7
3049 5 6
9273 5
4688 1 9 7
75674 8 1 4
22051 7
1023 5 6 7
2758 1 2 5
2058 5 7
144340 5 7
111190 7
143049 5
16614 5
14367 8 1 5 6
210947 8
82700 1
10843 8 5 7
198287 8 1 7
10589 1 5 6 7
3549 7
123103 8
10923 1
17047 5
26428 1 4 7
2000 1 4 7
152748 1 6 7
284674 8 1
11856 1 5 7
9772 8 1
13595 9 5 6
813 5 7
2665 5
149 1 2
812 1 2 5 7
11238 1 2
177699 5
73873 7
94348 8 1 6
1966 1 4 7
218778 2 5
8849 5
8489 7
9298 5
12155 1 2
241259 1
8077 8 1
312526 8 1
8078 8 1
679 8 1
20856 1 2 5
440 8 1
7305 8 1 7
705 7
99 5 7
23706 5
210908 8 5
11497 1 2 5 7
152747 1 7
37265 5 7
143 4 7
56590 1 2
44269 5
9022 8 6
891 8 4 6 7
364137 5 7
262504 1
369885 8 1 4 7
340402 5 7
786 9 7
222936 1 5 7
2043 8 1 6
5966 5 7
12819 2
7457 6 7
11542 8 1 6 7
6477 9 2 5 1
55301 1 2 5 9
258509 1 2 5
23398 1 2 5 9
11352 1 7
279 9 4 7
7857 5 7
14 7
4982 6 7
2768 8 6 7
838 5 7
250066 1
73 7
340485 7
168672 6 7
126277 8
2105 5 7
2770 5 7
8274 5
8277 5
26123 5
8275 5
1359 8 6 7
71552 5
190859 1 4
2771 5 7
261392 1 5
8273 5 7
11467 5 7
11831 4 6 7
194 5 7
55 8 7
86837 7
8356 7
13008 6 7
10008 8
2769 9 5 7
4978 1 2 7
10380 1 2
814 8 5
9406 8 5
24684 7
15653 2 5
2623 7
1947 7
9360 8 1
11237 8 1
9932 5 6
9535 5 6
9444 2
93 8 6 7
109443 5
8699 5
9267 5
253235 5 7
33107 8 6
895 4 7
635 8 6
11227 1 5 7
13448 8 6
24795 1 2 5 7
9506 5
12689 2 5 7
8469 5
44629 8 6 7
1439 4 7
96724 7
250546 8
196867 9 2 5 7
703 5 7
291270 2 5 7
61891 8 4 6 7
15157 9
55420 1 7
44009 5 7
102899 1
351339 8 4
17609 8 7
348060 1 7
9989 1 6 7
125490 8 1
13435 7
8916 1 2 5
9563 7
10739 5 7
160070 8
28 4 7
1579 8 1 7
568 7
50357 8 1
12690 1 6 7
11633 1 2
269650 1 2
9445 8 7
14191 1 2 5 7
6488 8 5
60599 8 7
10172 2 5 7
11637 1 2 5 7
209244 5
57876 8 1
68734 8 7
11044 1 5 7
1073 8 6 7
95 8 1
4597 8 1 6 7
10974 1 5
10975 8 1 5 6
766 8 1 5
15383 4 7
10204 1 5
410199 8 1
329865 1 7
212 5 6
49012 5 7
42949 1 2
9992 1 2
26505 1 2
51052 2 5 7
256274 8
2898 5 7
330112 5 7
271185 8 6 7
18176 8 5 6
9691 8 1 6
121856 1
8978 8
184125 8 1 7
2899 1 2 5
9564 1 2 5
9929 1 2 5
11625 1 2 5
9642 1 2 5
2395 1 2 5
9369 1 2 5
9318 1 2 5
11047 1 2 5
170522 1 2 5
99770 1 2 5
16577 1 2
254188 8
8965 1 2
10865 1 2
89691 8
4347 7
295830 1 7
59678 1 5
1786 4 7
11075 8 7
152737 5 7
5123 7
156711 5 7
818 1 5 6
816 1 5 6
817 1 5 6
6972 7
262543 8 1
10641 7
50479 1 2 7
19995 1
99861 1
13483 8 6
11005 7
19255 5 7
9598 1 2 5 7
9447 1 2 5 7
1164 7
8780 5
11212 1 2 5
262551 5
331836 5
12309 5
84174 5 7
383869 5
15596 5
105 1 2 5
165 1 2 5
196 1 2 5
228973 8 7
2924 8 1 6 7
332704 8 6
94380 1 7
9737 1 5 6 7 8
8961 8 1 5 6
3132 8 1 5
140 8 6 7
208134 5
12143 6 7
172828 8 5
376659 5
10147 5 6 7
338964 5 6 7
9964 8 1 5
52449 5
209403 5
3133 6 7
118957 8 1
348892 1 5 7
9750 5 6
21032 1 2
3170 2 7
13205 2 7
11302 5
331214 1 4 7
1969 1 5 6
3172 1 5 6 7
23367 9 2 5 7
327040 7
13184 8 1 6
11867 1
8069 1
250349 5
10611 5 7
326423 5
15015 2
15165 2 5
15167 2
15016 2
242042 5 7
248574 1 5
46829 5 7
9907 2 5
3175 4 7
290 5 7
14013 5
10782 8 1 6 7
402 8 6
3093 8 6
333669 1
2661 1 2 5 6
415 1 6
242643 8 1 2 6
366924 1 2
272 1 6 7
16234 2
414 1 6
13851 1 2
14919 1 2
364 8 1 6
123025 1 2
142061 1 2
382322 1 2 6 7
40662 1 2
209112 1
69735 1 2 6
11548 1 2 5
16873 1 2
1705 1
44943 1
3176 8 1 7
3177 8 1
44833 8 1
643 4 7
325553 1 7
69315 8 1 7
105077 1 7
4551 5 6
4953 5 7
1281 5
283587 4 7
84175 1 7
109491 1 7
9283 5 7
39285 5 7
197796 1 7
13313 2
14177 5 7
3179 2 5
1257 5
2977 7
1636 1 5 7
12335 1 2 5 9
10202 1 2 5 7
5559 1 2 5
9988 5
11806 2 5
10438 2 5
4011 1 5
204922 8 6
301804 8 1 7
132344 7
76 7
80 7
7972 8 6 7
283350 5 7
198277 9 5 7
55347 5 7
259018 5
8007 8 1 4 7
119675 7
492 1 5 7
10322 5 7
86467 7
205601 7
204668 1
649 7
20235 2
12590 8 6
271969 1 4 7
455 5 7
1685 1 6
4104 5 7
2310 1 2
116811 8 7
30508 9 5 7
92591 5 6 7
13785 5
14405 1 2 5
90 1 5 6
96 1 5 6
306 1 5 6
9622 1 5
9722 1 5 7
241771 7
284289 8
182415 5 7
2277 1 5
5156 7
75198 5
2280 1 2 5 7
171540 5 6
9032 5 7
87093 7
11870 2 5
587 1 7
230179 1
177572 1 2 5
78698 1 7
9600 5 6
11565 5 6
38322 1 5 6
9843 1 5 6 7 8
13161 5
6978 8 1 5 6
1649 1 2 5
1648 1 5
71 9 5 7
293767 4 7
11017 5
1727 1 5 7
194662 5 7
11296 4 7
10740 8 6 7
2084 8 5 6
323020 5
10497 8 7
45958 7
9075 8 4 7
1075 5 7
9656 8
41215 8 1 6 7
24804 1 5
855 1 4
11469 1 5
261023 6 7
253331 7
4105 8 1 6
246080 1
3603 8 5
7874 7
44214 8 6 7
201088 8 1 6 7
36647 8 1
36586 8 1
78 8 1 7
36648 8 1
9955 1 5 7
351211 8
11622 5 7
11072 1 5
232672 5
918 5 7
8338 8 1 6 7
55846 8 1 6
22164 8 1 7
1372 8 1 7
309886 8 1
11368 8 6 7
190955 8 6 7
9573 8 6 7
168705 8 1
11690 1
4133 6 7
11644 8 6 7
1052 8 6 7
9266 1
152584 7
160588 5 7
188166 8 6
11001 8 1 5 6
6341 8 1 6 7
46705 7
793 8 6 7
11568 9 5 1 6
9557 5
10741 4 7
11507 8 6
14412 8 6 7
12113 8 1 7
14181 8 6 7
13053 1 2 5
294963 8 1 7
475 6 7
380124 8 5
8968 8 6 7
4995 7
11531 8 6
11066 5 7
496 5
2604 4 7
347201 1 2
13685 5 6 7
10862 7
9303 8 6 7
9702 8 1 6 7
310137 8
13062 2
11353 5
14748 6 7
85350 7
226 6 7
650 6 7
763 8 5
197 1 4 7
68 1 5
4169 8 4 6 7
2163 8 1 7
164 5 7
145 7
270400 7
269 6 7
11064 5
375798 5
9270 6 7
254473 1 6 7
57825 9 5 7
11932 8 5
229 8 1
10521 5
55721 5 7
296098 8 7
1265 1 2 7
9801 5 7
95610 5
634 5 7
851 7
29963 7
1588 5
11211 5
15261 5
10678 5
8649 7
900 5 7
18480 5
142 7
17707 8 7
9208 8 1 7
98357 8 6 7
8088 8 7
308 5 6 7
18533 1 6 7
167073 7
26390 8 6 7
10009 1 2
10010 1 2
6312 8 1 4
7445 8 4 7
310 1 5
9707 8 1 5 6
9683 1 5 7
9464 5 6 7
10206 8 1 5
12526 8
287 5 7
70074 8 1 6
10723 8 1 5
11817 1 5
11382 8 1 5
63310 6 7
916 8 1 6 7
9517 6 7
30618 8 1 7
26388 8 6 7
50204 8 5
42297 7
4944 5 7
13413 2
295964 7
255798 8 5
642 1 4 6 7
79697 5
13250 8 6 7
314385 7
102780 8 1 7
10784 9 7
9317 1 5
298584 8
445 8 6 7
11977 5
14008 5
35554 5
339397 5 7
284276 7
9453 4 7
157832 7
13655 9 2 5 7
44244 9 5
244506 7
13043 5
38277 5
375804 5
4441 7
9529 8 7
8689 8 1
15037 5 7
1598 8 6
398 6 7
11935 8 1 7
271110 1
1771 1
100402 1
1722 4 7
334533 1 5 7
109424 8 1 7
331190 8 6 7
14125 8 6
317744 8
34069 8 1 6
6075 8 1 6 7
72113 5 7
258480 7
133805 8 7
25769 8 1 7
920 1 2 5
49013 1 2 5
80304 1 5
289 4 7
9681 5
28355 8 6
66118 5
12225 5 7
524 6 7
12208 1 5
8839 1 2 5
4787 8 6 7
8358 1 7
18438 5 7
10515 1 2 7
10142 4 7
261 7
13668 5 7
640 6 7
10992 2 5
39691 2 5
10552 8
314 1 6
52067 5
9466 5 7
84184 5 7
168098 8 1
33273 8 1 7
9759 8 1 6
21588 8 1 5 7
302699 1 5
666 7
23759 8 1 7
12123 1
116979 8
58232 5 7
3580 6 7
1537 8 1 6
15709 5
5289 1 6 7
12912 5 7
10435 7
198184 1 6
4808 8 5 6 7
9443 4 7
118 1 2 5
8669 5 7
6538 4 5 7
4327 8 1 5 6
9471 1 5 6
9986 1 2 5
2255 5 7
14844 5 7
82684 7
48946 8 7
8881 4 7
8880 4 7
175291 5 6 7
11007 2 5 7
9641 5
212778 5
93856 8
1574 1 5 6 7 9
9982 2 5
7443 2 5
181283 8 6
21334 2 5 7
9693 8 1 7
10823 8 1 7
79707 2 7
10585 8
11186 8 7
11187 8
829 8 6 7
206408 5 7
98567 1
11708 9 2 5 1
28211 8 6 7
392 5 7
13973 5 7
9519 8 6 7
8769 8 6 7
13673 2 5
76726 8 1 7
11104 5 7
150689 1 2 7
14128 1 2 7
16119 1 2 7
921 4 7
11216 7
335866 8 1 7
24418 8 1
15 7
28053 5 7
901 5 7
795 1 7
13600 1 2
598 6 7
1406 1 5 7
11310 1 5 7
13688 1 2 5 7
18823 1
13252 8 6
95516 8 6 7
9331 8 1 7
133790 5
8095 4 7
2292 5
2295 5
9339 1 5 7
9350 8 1
840 1 7
146223 8 6 7
2288 7
83542 1 7
246860 7
22794 2 5
109451 2 5
7191 8 1
112454 8
11217 8 5
15196 8 5 6
9603 5 7
7214 7
9874 8 1 6
114606 8 5
7520 7
18955 5
11156 4 7
10328 1 5 7
2577 8 1 7
883 5 7
220289 8 1
12767 8 7
244509 8 7
2289 7
1538 8 6 7
345920 7
9884 8 1 7
195590 8 1
62835 8 1 6 7
318781 4 7
2124 8 6 7
25237 1 4 7
276908 1 5 7
9602 5 7
10999 8 1
84188 8 6 7
1701 8 1 6
37430 1
9610 1
321741 7
9612 1 2 5
54186 8 6 7
4912 8 5 6 7
20048 5 7
11132 9 2 5 7
10743 8 1 5 6
10329 8 1 6 7
325848 5
1688 1
8834 8 1 6 7
561 8 1 7
686 1 6 7
39538 8 1 7
266 7
77866 8 1 6 7
204349 8
5708 7
45094 7
903 6 7
864 5
14239 1 2 5
241843 8 1 5
310133 8
23742 1 5 6
1710 8 7
3933 1 2 9 7
49014 7
19899 5 7
10684 8 4 6 7
11299 1 2
49849 8 1
6282 5
35052 8 6 7
10623 1 6 7
1948 8 1 6
15092 8 1 6
884 8 7
25196 9 7
10691 7
10973 8 1
312221 7
8555 8 6
16281 8 1 5
16288 8
10238 7
11562 5 7
302156 1 6 7
334527 8 6 7
201085 8 1 6 7
60672 8 1 6
8963 8 1 7
9671 1 5
9396 1 5
9290 1 5
11655 8 7
17130 1 2 5 7 9
263341 1 7
796 8 7
9768 9 5
10092 8
201086 5
431 8 1 6
437 8 1 6
438 8 1 6
10489 8
9975 1 2 5
11894 2 5 7
167032 8
1494 1 7
10012 8 5
1408 1
70821 7
10134 1
10133 8 1 6
11673 4 5 7
39053 5 7
10375 8 1
11164 1 2 5 7
10680 1 2 5 7
10708 2 5
319341 5
274167 5
152532 4 7
10766 8 1 7
7211 5 7
16 9 6 7
581 1 7
859 7
9909 6 7
256924 9 5 7
9619 8 1
9480 8 1 6
2666 1 6
182560 8 6 7
62213 1 5
145135 8 1
1410 1 5
9009 8 7
9556 1 6
11056 8
10727 8
387 1 4 7
10073 5
35056 5
339792 9 5
924 8 1
119450 8 1 7
40619 1 2 5
13613 8 1
2269 1
19901 8 1
11228 8 1
16642 7
2119 1
9571 5 7
10493 8 6 7
11427 8 6
922 1 7
102362 8 1 6 7
687 7
12877 8 6 7
9442 5 6
207 7
293771 8 1
14001 8
14451 8 5
97614 8 6 7
293660 1 5 7
22971 4 7
114750 5 7
34803 5
9374 1 5
16007 8 1 6
4192 6
1991 8 1
10483 8 1
51620 8 1
13282 1 5
156717 8 1
11835 8 1 6 7
9275 8 5 6 7
17466 8 1 6 7
13939 8 1 6 7
323373 8 5
13018 8 6 7
9969 2 5
2639 5 7
8914 8 1
8656 8 1 7
20126 8 6
9457 8 1
296524 1
34769 1 5 6 7
13813 1 4 7
8390 5 7
81342 5 7
892 1 5
184346 8 6
10669 8 1 7
146239 5
303991 5 7
9739 1 5
234212 8
14029 8
12139 2 5
16804 7
8999 8 7
277217 9 2 5 1
86331 7
8068 8 1 6
20352 2
93456 2 5
74308 7
48492 1 6 7
68684 8 1 5
11453 5
10402 5
44040 8 6
79316 8
152792 8 6 7
314402 6 7
827 8 7
521 8 6
681 8 1
118289 7
33217 2 5
82650 2 5
60307 2 5
13025 8 1
8592 8 1 5 6
24438 5
36669 8 1
562 8 1
1573 8 1
1572 8 1
8736 5
38778 5
10567 2
88 9 7
10677 7
291870 1 5
984 8 1 6
3472 8 6 7
10141 5 6
8984 8 6 7
127517 8 7
15357 8 1 6
17654 8 1
10045 8 1
8271 8 6 7
157350 8 1
393729 7
7551 8 1
10772 1
68718 1 7
298614 5
925 7
298729 5 7
9053 8 1
11821 5 7
3050 1 2 5
284052 1
313106 1
907 4 7
9472 5
968 8 6 7
11880 8 1
20606 8 5
1832 1 5
38810 7
553 8 6 7
11929 8 6 7
62837 2 7
192134 5 6 7
9923 1 6
138697 5 7
1909 5 7
9366 8 6 7
141 1 6 7
10607 5
46261 8 1
300669 8 6
931 8 7
8290 4 5
12103 8
356298 5 7
1254 7
8814 8 1
13460 8 1
308639 5 6 7
23488 8 1 7
9594 8 1 6 7
996 8 6 7
10398 8 6 7
9405 8 1
14359 6 7
1554 5 6 7
9101 5
10720 8 1 5 7
613 4 7
6114 8 7
10577 8
12110 8 5
49017 8 1 4 7
200505 7
16871 8
10023 1 5 6
126963 1 2
303857 1 2
300168 1 7
10800 2
10423 1 7
10253 8 1 7
10052 7
8840 1
91417 1 2 5
6171 8 1 7
1125 7
9805 1 5
49049 1
11033 8 6
8457 5
172533 7
64690 8 1 6 7
47327 8 1 6
10477 1
403 5 7
10379 1 2 5
110410 1 6 7
476 6 7
13497 9 5 7
11230 1 5
3063 5
336 1
10837 1 2 5
8859 5
41733 5 7
839 8 1 6
8467 5
100042 5
10152 5
11360 2
841 1
11849 1
7288 8 1 5
16558 8
297596 8 7
43935 8 1 5 6
13027 8 1 6
238603 1 2
220 7
2252 8 6
37735 5
624 1 6 7
38167 7
16325 1 6
522 4 5 7
15251 5
17159 5
319888 4 5 7
13510 8
12201 8 6 7
137113 1
11374 5
162 1 7
9036 1 2 7
8869 8 1 5
9367 8 1 6
9451 5
9947 1
1807 6 7
10719 1 2 5 7
7347 1 6 7
47931 1 6 7
4518 4 7
4517 4 7
9621 5 7
14442 1 2 5
337674 8 7
301348 4 5
68724 8 1 7
336808 1 7
329010 8
337556 1 7
97795 8
3573 5 7
127372 4 7
10110 4 7
13531 5 7
169209 1 7
9794 5 7
4523 1 2 5 7
10406 2 5
9946 8 1 6
77016 8 6 7
80274 1
226857 7
181886 8 6
853 4
11864 1 7
9798 8 1 7
1957 8 7
209263 5 7
9461 8 1 6
34647 1 7
188222 5
1844 6 7
10710 5
116711 1 2
301875 1 7
7299 8 1
2486 1 2
106021 8 1
9268 8 1 6 7
985 8 1 7
462 7
126319 2 5 7
10734 6 7
1103 1
68179 1 2 5
1687 1
107846 8 1
17360 1 7
255343 8 7
38 1 7
174772 8 1
9352 5
2698 1 2 5
8413 8 1 6
9454 5 7
253412 1 7
277355 8 1
15417 1 5 7
295699 5
26171 7
9716 9 5 7
340 5 7
11624 5
765 8 1 5
8818 9 4 7
9397 1 5
264660 1 7
29917 8 6
11527 1
84194 8
2320 8 1 7
1946 8 1
10877 8 1 6
147441 1 7
11586 8 1
11026 8 6
305932 5
309299 4 7
9872 1 2 7
331962 8 6 7
338676 8 1 7
12569 5
265016 8 1
64685 7
333352 8 4 7
345 7
31417 8 6 7
754 8 1 6
70577 8 6 7
214030 5
1714 1 7
6877 5
38363 8 7
283378 8 1 7
11220 1 7
37094 8 6 7
28665 9 5 7
342281 5 7
278468 2
278427 1 2 5
278604 1 2 5
65215 2 5
13532 1 5
5961 1 6 7
756 1 2 9
49948 9 2 1
1979 8 1
259316 1
166424 1
16306 1 2
2161 1
11259 1 7
10712 7
250734 7
275 8 6 7
13804 8 1 6 7
82992 8 1 6
51497 8 1 6
8324 8 5 7
13342 5
41283 8 1 6 7
10998 8 7
11846 5 7
11862 5
254172 7
10543 8 7
1878 1 5 7
15097 5
7549 1 7
10070 8 1 5
13012 1 6 7
9280 8 6 7
393457 7
13225 1 2
9377 5 7
11431 5 7
14811 9 7
10288 8 5 7
2323 1 7
341174 7
351819 5 7
216015 8 7
550 7
17336 8 1 6 7
85889 5 6 7
9532 8
9358 8 6
9286 8 6
55779 8 6
2114 8 1 2
277558 8 1 7
9950 1 5 6 7
127380 2
711 7
12 2
866 7
15613 8 6 7
139567 8 1 6 7
17927 5
10724 8 1
11495 8 1 7
9754 8
5910 6 7
1368 8 1 4
13969 2 5 7
6520 1 7
24469 7
11713 8 1 7
17809 1
252607 5
9343 1 7
381356 5
26617 7
3683 4 7
3604 1
535 9 7
1551 8 1 7
13195 8 6 7
9749 5 6
14628 5 6
87502 7
10122 1 2
11866 8 1 7
9315 8 6 7
43949 7
315664 5 7
9574 1 2 5
11619 1 2 5
133698 5 7
9664 1 4 7
62046 5 6
256591 5 6 7
11660 8 6 7
8676 5
1968 5 7
1788 9 2 7
938 1
13930 2 5
699 8 1
830 1
265189 7
1641 5
10326 1 7
9870 5 7
13 5 7
354110 1 7
12088 8 1
8292 1 6
12193 5 7
37495 5 6 7
5 5
712 5 7
87492 8 7
6145 8
11348 8
12149 8 6 7
121986 5 7
171372 5 6 7
876 1
3036 8 1 7
62214 2 5
10675 8 1 6 7
377263 7
136 8 7
218784 8 1 5
10330 1 2 5
5375 1 5 7
13166 5
11284 8 5
175574 2 5
167581 7
316152 8 1 4 7
1634 1 2
9073 1
1646 6 7
306745 7
11183 5
33701 5
21435 5
397 5 7
273169 5
573 8 6 7
218425 1 6 7
10559 8 1 6 7
1360 7
10634 5 7
13416 7
13207 8
9731 8
9725 8
9728 8
10225 8 6
10281 8
10283 8
9730 8
1633 5 7
368031 8
50544 5 7
80038 5 7
8998 5 7
58151 8 5
755 8 1 6
12095 8 1 6
768 8 6
11426 4 7
26389 8 1 6
657 8 1
83389 2 7
13492 8 1 7
11499 7
44363 8
326359 1 2
10183 7
157354 7
233063 5
329263 5
600 4 7
82679 5
7552 5
13320 9 5 7
8461 8 6
20829 5 7
168259 1
35169 5
228150 1 4 7
7249 1 2 5
13253 1 2 5
15060 2 5
12889 1 2 5
19585 1 2 5
926 1 2 5
11646 1 4 7
46429 8 1
97434 5 6
91010 4 7
18501 8 1
783 4 7
3131 4 6 7
82682 8 1 6 7
401 5 7
8920 2 5
9513 2 5
782 8 1 6 7
81250 2 5 7
267192 4 7
759 5 7
10603 1 2 5 7
13159 5 7
13929 2
186759 5
10461 8 1 6 7
257091 5
32823 5
44718 5 6 7
239566 9 7
419430 8 5 6
10060 7
8012 8 5 6
11665 8 1 5
80389 8 1 6 7
146227 1 6
251 8 1 6 7
4816 1 6 7
9323 1 2
12140 1 2 7
1250 8 1
71676 8 1
9645 8 6
12797 1 5 7
1548 5 7
43074 1
2978 1 2 5
12556 1 5 7
10016 8 1
14533 7
1712 1 7
8046 7
3767 8 7
9871 8 7
3558 7
72890 5
3635 7
312791 8
98 1 7
9504 6 7
9665 4
9918 7
45772 2
9430 8 5 6
9815 7
9763 7
74306 5 7
245859 9 5 7
249660 7
205584 1
11058 8 1 7
929 8 1
38073 5 7
710 8 1
658 8 1
8882 6 7
79548 8 7
4771 6 7
210577 8 6 7
9679 8 1 6
770 4 7
338 5 7
277839 5
253626 8 1 7
10030 5 7
801 4 5 7
262338 8 1 6
489 7
769 6 7
284303 8 7
74387 5
257445 8 1 5
10130 7
5279 8 6 7
4970 8
84204 8 1 5
215211 7
13223 7
777 4 7
220286 8 6
309304 5 7
9900 5
50698 8
134366 8
12477 2 4 7
49047 8 1 7
621 7
9037 9 2 5 7
348089 9
121674 7
44912 8 1
65291 1 2
313922 8 6
8923 6 7
22972 8 1 7
27583 5 7
927 8 1 5
928 8 1 5
9766 1 6 7
267193 1 5
285923 8 1
9434 8 1 5 7
137 1 5 7
38365 5
109418 5
64807 5
11520 2 5 7
118340 1
11638 5 7
1879 5 7
38745 5
18415 7
28178 2 7
10428 8 1 6 7
324786 4 7
270487 9 5 6 7
10654 9 4 5 7
11054 9 2 5 7
9490 5 6
7859 7
48988 5
2082 8
11357 8
11361 8
11675 8
24150 8
10676 8 1 6
11442 8
10987 8
10652 1 4 7
10549 7
192538 1 4
8960 1
4929 1
50456 8 1
5143 5 7
18126 9 2 5 7
9740 8 6 7
1248 8 6 7
200462 8
60304 8 1
10683 5 7
121936 5 7
9836 2 5
65759 2 5
9614 5
10503 5 7
14537 1 4 7
11782 8 1 6
2652 8 7
8052 8 7
11258 8
2019 8 1 6
9569 8 1
20857 5 7
325348 1
13335 1 5
11282 1 5
343 5 7
8989 1 2 5
25941 8 1 6 7
672 1 2
12444 1 2
12445 1
674 1 2
767 1 2
675 1 2 6
671 1 2
673 1 2
7873 8 1 6 7
10592 4 7
11787 5 7
11908 8 5
146243 8
166271 8 6
77887 1 2 5
70435 8 1
9469 7
279690 8 5 7
269258 5 7
70670 8 6
51241 7
10015 1 4 5 7
41211 5 7
10833 5 6 7
11313 6 7
949 8 1 6 7
2640 5 7
236751 7
1024 1 7
11827 1 2
254375 1 5 7
336004 8 1 6
338766 1 6 7
9064 8
1487 1
11253 1
320588 5 7
9003 8
8766 8 1
11569 8 4
10692 8 6 7
53172 5 6
152601 1 7
11451 1 2 5 7
184315 1
87826 1 5
44603 1 7
79 1 4 7
10184 5 7
44835 7
94363 5 7
2023 1
360784 8
381284 4 7
11096 8 6
12493 8 6 7
11560 8 6 7
243 9 5 7
288 1
11901 1
10947 9 2 5 7
13649 9 2 5 7
11887 9 2 5 7
382399 9 7
10226 8 6
254302 1 7
8009 1
8010 1
271724 7
5544 4 7
3085 5 7
10156 5
109513 1 5 7
8488 5 7
112336 7
1620 8 1 6 7
249070 8 1 6
49010 8 1 5
10439 1 2 5
8326 1 2 5 7
9383 8 1
80015 5
9689 5 7
11375 8 1 5
1249 8 6 7
9713 5 7
103328 1 7
228161 1 2 5
771 2 5
772 1 2 5 6
9714 2 5
12536 2 5 6
13700 2
276839 5 7
204082 8 1
6878 1 2 5 7
10028 9
11158 1 2 5
9354 1 2 5
11425 1 2 5
254191 8
10982 2 5
879 1 2 5
5693 2 7
50359 2
82696 5 7
149509 8 1 7
51540 5 6
227159 5
18476 8 6 7
12222 1 2 5
2026 8 6 7
1690 8
1691 8
71670 8
4638 1 5 6
268920 1 5 6
10074 1 5
9595 1 4 5
9255 1 4 5
23048 1 5
243938 5
6418 9 7
15189 2 5
205 4 7
76492 1 2 5
159824 2 5
102207 1 5
172803 8 7
11415 8 5
82505 8
2662 8
9550 1 7
11093 7
10066 8
11377 8 6
253306 8 5
10407 5 7
42888 5 7
8386 5
162215 8 1 4 7
8871 1 2 5
259694 5 7
9919 5 7
13092 5 7
10297 5 7
3001 5 6 7
10191 1 2
82702 1 2 5
10658 1 5
301846 8
4935 1 2
9292 1 5
44826 1 2 7
1927 1
244088 7
10360 4 7
371645 1 5 7
2882 5 7
376570 8
10476 7
75802 5 7
6479 8 1 7
46529 8 1
10950 7
332411 8 1 6 7
250219 5
374473 7
70868 5
100241 8
150117 5 7
1599 5 7
26280 7
319340 5
3597 8 6
19840 5 7
16538 5
8952 5 7
3563 5 7
244267 1 7
2048 1
49797 8
25239 8
207768 8 6
357096 8
8427 8 1 5
3600 8 6
109689 7
414190 8 1 6
425 1 2 5
79218 2
278154 1 2 5
57800 1 2 5
8355 1 2 5
950 1 2 5
13374 5
9696 8 1 5 6
209274 7
2832 8 6
109431 5 6
7512 1 5
6552 8 5
249164 7
15775 1 7
14248 1 2 5
3782 7
8832 7
170354 5
310126 5
5488 5 7
25300 8 6 7
144789 5
19724 1 2 5 7
85041 5
5552 1 7
37958 1 7
374617 8 6 7
4965 8 1
10806 5 7
44716 7
8321 5 6 7
1901 5 7
11931 5 7
252822 8 1 5 6
256474 8 1 6
13975 8 6 7
205775 8 1 4 7
10633 8 6 7
121875 8 5 6 7
9386 8 1 6 7
19833 5
843 7
2654 8 6
7984 7
2312 1 7
5879 7
6973 8 4 6 7
49530 8 1
226448 1 7
46738 4 6 7
27205 8 1 6
64956 8 1 2
4478 7
602 1
47933 1
217 1
89 1
87 1
10775 8 1 6 7
11647 8 1 6 7
207932 8
244539 5 7
16869 8 1 4 7
171274 5 6 7
2309 1 2
1730 8 6 7
2614 1 5
13312 8
86829 9 7
388 8 6 7
150540 2 5
49018 8
91586 8
280092 8 7
320 8 6
332 1 2 5
12117 8 6 7
211954 5 7
262500 8 1
20312 1 5 6 7
157336 1 7
628 8 7
11968 8 1 6
334538 1 7
216282 8 1
5915 1 7
224141 1 5 9
11775 5 6 7
63207 8 7
11850 8 1 6
22954 4 7
11652 7
14756 1 4 7
37472 1 4 7
365222 1 4 7
182127 1 7
1726 1
10138 1
68721 1
10679 1 5
38543 1 4 7
282984 6 7
979 8 6 7
173185 5
10660 5 7
270303 8
3078 5 7
33689 2 5 7
375572 7
320316 5
37725 1 5 7
11576 1 5 6
1585 1 2 7
22897 5 7
43923 5 7
338189 7
7095 1 5 7
71880 5
204436 1 2 7
9745 1 2 5 7
75780 8 6 7
343611 8 1 6 7
137094 8 1 7
81005 1 2
13932 1 2
9012 5
376866 7
184 8 1 6 7
2291 8 6 7
10539 1 2
38684 7
174751 1 7
172106 7
25 4 7
11533 1 2
324668 8 1
10285 8
11470 8 1
578 8 1
579 8
17692 8
2294 5
13672 1 5 6 7
8922 8
11351 8
82532 5 7
266639 9 1 7
19994 8 5
342474 5 7
11943 1 7
9390 5 7
209451 9 7
9541 5 7
339547 8
203834 8
12545 9 4 7
820 8 4 7
12589 1 2 5
9279 2 5
115782 4 7
157847 7
10956 1 5 6 7
2565 1 5 7
49529 1
75761 8 5
8470 8 6 7
9293 5
245891 8 1
324552 8 1 6
9486 1 5
58233 8 1 5 6
9886 8 1 7
12776 5
2440 8 4 7
20533 8 1 7
16366 9 2
72545 1
88751 1 2 5
170657 1 5
274479 5 7
10866 8 6 7
11661 9 4 7
11838 8
9482 1
821 4 7
16136 8 1 6 7
1628 7
52274 8
24803 7
332872 7
8844 1 2
8247 1
9446 2 5
6280 1 5 7
7326 5 7
76757 1
329 1
331 8 1
135397 8 1
258099 5 7
9061 8 1 6 7
10033 5 7
50546 5 7
9007 1 5 7
12090 5
10025 1 2 5 7
56715 1 5
38093 5 7
30061 1 2
76589 8 1 2
323027 1 2
183011 1 2
14011 1 2
297556 1 2
217993 2
8665 8 4 7
10345 1 5 6
167 1 7
46837 1 5 6
11953 1 4 7
4254 5 7
10909 8 6
10628 1 5 6
11232 1 5 7
342521 1 5
9687 5
4967 5
331313 1 5
14859 2 7
11589 1 4 5
7090 7
11016 8 6 7
23483 1 6
59859 1 6
10222 8 1
9981 2 5 7
9344 6 7
16859 1 2 7
384798 8 1
74725 8 6
237756 8 5
245916 8 6 7
157370 8 7
318922 8 5 6
49021 8 1
73567 8 7
16296 8 1 5
37821 8 1 5 7
77663 8 1
64689 8 6
507 8 1 6 7
11898 5 7
951 5
9477 1 4
10730 8 1 7
5718 5 7
9558 8 6
9838 1 5
1495 1 4 7
11543 5
390734 1 2 7
207703 1 5 6
11184 7
21348 1 2
5236 1 5 6
2140 8 1 6
9437 8 6 7
13928 2
37834 1 5
86835 7
74461 8 1 5
263472 8 7
4964 5 7
158 5 6
13811 8 1 6 7
53174 5
70667 1 4
287903 8 1 5
146229 8
13417 2 5
849 1
313297 1 2
244563 7
9470 1 5 6
290864 8 1 6
9502 2
49444 2
140300 1 2 5
251516 1 5
11891 1 5
16620 9 7
439 5 7
9322 8 1
406 7
662 1 7
313369 9 5 7
38397 5
83564 1 2 5
405 7
15449 5
1407 9 7
86868 5
130150 7
19794 5 7
13597 1 2
287495 4 7
11128 8 1 7
10340 2
18269 2
9697 8 1 6 7
526 1
19666 9 1 7
244264 5 7
9825 8 1 5
13279 8 6 7
335578 4 7
11683 8
18162 1 5
1995 8 1
1996 8 1
57331 8 1
59861 5 7
6615 5 7
9593 1 2 5
17379 1 5 7
308504 1
9333 8 1 6 7
23830 7
296065 8
1643 7
137093 5
1939 8 6 7
110160 7
286192 1 2 5 7 9
22803 8 6 7
82633 6 7
947 1 4 7
11141 8 1 5 7
4836 8 6 7
279096 1 5
85872 5
248390 5
5511 8 6 7
25195 5 7
4942 5 7
12834 8 5 6 7
451 7
218043 8 1
8835 5
10327 5
11976 1
41216 1 2
4476 1 4 7
22894 8
65218 5 7
11774 1 2 5
101 8 6 7
283704 4 7
11811 8 5
4415 4 6 7
325844 5
66129 5
369776 5
18238 8 5
41402 8 6 7
13310 8 7
276488 8
941 8 1 5 6
942 8 1 5 6
943 8 1 5 6
944 1 5 6 7 8
193893 5
1251 1 4 7
37056 5 7
14372 8 1
1624 5
84306 5 7
709 8 1
13704 2 5
2959 5
300153 7
244566 8 5 7
11457 7
38408 5 7
637 5 7
583 5
209189 5 6
87827 1 7
16643 5 7
260001 5 7
13321 8 4
11954 8 1
13060 1 2
345911 8
60420 7
177945 7
309581 8 7
11544 2
20760 2 5
12093 6 7
51876 8 1 6
72976 4 7
334543 7
9399 8 1
4515 1 4 7
11040 1 5 7
14846 5 7
256962 4 5 7
1440 7
39451 5 7
11479 1 2 5 7
9072 5 6
16553 5
773 5 7
31203 5
9678 1 5 7
10776 8 9 5
48034 5 7
9587 7
253 8 1
259695 6 7
1571 8 1
100 5 6
9972 8 1 6 7
210479 8 7
81796 8 1
263115 1 7
10803 1 7
80271 5 7
21861 5
9769 7
341392 5
48838 6 7
267860 8 1 6
193756 8 1 4 7
318917 5
9494 5 7
11982 2 5 7
9356 5 7
10715 2 5
59967 8 1
10847 8 1 7
1830 8 6 7
9787 7
121835 8 4 7
2007 7
10642 2 5 7
17612 7
638 8 6 7
2157 1 2
153 7
167810 8 1
292431 7
296360 5 7
271714 9 7
43347 5 7
508 5 7
11686 4 5
140222 4 7
270343 5 7
25643 7
168055 5 7
85735 5 7
8424 5 7
200727 5 7
9062 7
333348 2 5
27902 2 7
77805 7
339419 7
35026 1 5
186 8 6 7
240832 1
15371 1 2 5
4588 8 1 7
832 8 1 6 7
225728 4 7
37931 1 5
23631 8 1 5
106747 8 1 6
45610 8 1 6
9659 8 1
8810 8 1
9355 1 7
76341 8 1
12085 1 5 6
953 2
80321 2
10527 2
10761 5 7
287424 8
312669 5 7
229297 5 7
77930 5 7
264999 9 5 7
334 7
10648 8 1 6
7303 5 7
9942 5
11008 2 5
1883 4 7
102651 1 2 7
10867 7
2246 6 7
2293 5 7
132232 8
11631 5 7
10086 1 6
49521 1
76544 1 7
13498 1 5
9895 8 5 7
49527 8 1 6
9509 8 1 6 7
1850 5 7
332340 5 7
334541 7
192136 4 7
696 5 7
10440 5 6
311667 8 6 7
11454 8 6
103620 8 6
8366 1 5
10019 1 5 7
157851 7
10518 8
359412 8 1 6
50839 8 7
436 8 6 7
1887 4 7
14306 2 5
38579 2 5
506 8 6 7
75 1 5
50321 1 2
236735 8 6
50837 8 7
9539 8 7
211387 1
253980 8 1 5 7
119569 1
76122 1
24238 2 5 7
433 9 2 5 1
651 4 5 7
8619 1
213681 1 5 6
11649 8 1
116 8 6 7
7270 8 5 6 7
10118 5 7
10830 1 2 5
9359 1 5 7
272878 1 2 7
392142 4 5
13051 1
286567 1
9980 8 1 7
10861 8 1
10894 8 7
294254 1
228203 7
308369 5 7
1382 5 7
296096 7
2123 5
190880 5
10625 5
51481 5
9991 5 7
203 6 7
278924 8 1 6
9096 1
38251 4 5 7
11260 1 2 5
297 1 6 7
693 5 7
1597 5 7
1267 2 5
7278 5
38055 1 2 5
62215 1 7
9688 5 7
77 8 6
1904 4 7
2687 8 1 5 7
11423 8 6 7
12651 1 4 7
607 1 5
41154 1 5
608 1 5
11978 7
56014 5
243684 5 7
9516 1 6 7
8838 8 1 6 7
4587 5 7
13635 8 1 6 7
15362 8 1 6 7
10207 7
8860 8 1 5 6
19 1 7
82 8 1 6
2928 1 5 7
4566 6 7
1770 8 7
10154 5 6 7
21385 1 2 5
14813 2
27936 1 5 6
3116 7
11327 6 7
59436 1 5 7
8197 8 6 7
9013 1 5 6
245703 1 7
11448 5 7
9822 1 2
9070 1 2
316023 5 7
13931 2
10139 4 7
379 8 6 7
198185 7
70 7
4961 8 1
16617 8 6
227700 8 7
211672 1 2 5
54551 2 5
54559 2 5
229407 2
229408 2 5
180 8 1 6
140870 1 2
14292 4 7
10510 1 2 7
339984 7
1396 4 7
62764 1 2 5 7
14517 1 2 7
13515 8 6
46441 8 6
373314 8 7
1700 8
1493 1 5 6
10040 1 5
283366 1 7
13967 2 7
376290 8 7
290762 5 7
15379 8 1 4
954 8 1
56292 8 1
177677 8 1
955 8 1
956 8 1
2067 1
1632 8 6 7
309242 7
309245 5
277834 1 2 5
3082 5 7
346808 8 1
265177 7
252680 5
11820 7
303858 8
11517 1 5 6
60308 7
12246 4
504 6 7
9297 1 2 5
4379 5
43933 8 1 7
1365 7
145221 8 1 7
62211 2
15512 1 2
59860 1 5 7
762 1 5
157820 1 7
17431 1 7
376867 7
698 8 1
83666 5 7
2039 5 7
13192 8 1 6 9
377264 8 1
38357 5 7
9312 1
9823 1
210860 1 5
30018 8 6 7
353069 5 7
824 9 7
6283 2 5
87818 5
91739 5
103731 7
10674 1 2
12242 1 2 5
1018 8 6 7
9304 1 5
612 8 1 4 7
145220 1 2 5 6
9415 8 1 6 7
6037 8 5 6
11892 8 6 7
8438 6 7
4176 8 6 7
11172 9 5 7
11648 5 7
336804 7
13256 8 1
13596 5
8874 5 7
8346 5 7
302688 5
14435 8 6
1989 7
2830 5 7
10377 5 7
11113 9 2 7
113160 7
4032 2 5 7
11317 2 5 7
329805 7
10161 7
1961 8 5
26022 7
9474 1 5
8392 1 2
282296 5 7
468 7
14197 5 7
10024 7
43931 8 6 7
12120 1 5
4474 1 5 6 7
75900 7
11171 7
9824 1 5
11191 5 7
322 8 6 7
9353 2 5
2742 8 1 7
14043 8 1 2 6
11283 1 2 5
35019 1 5
306952 5 7
8193 5
11022 8 1 6 7
5825 5
11418 1 5 7
9644 5
11153 1 5 7
11452 5 7
11078 8 1 5 6
2059 8 1 6
6637 8 1 6
241 8 6 7
81 1 2
11879 8 7
129670 1 7
10544 1 4 7
136797 8 1 6 7
10657 8 1 7
195589 5
325133 5
1945 8 7
328387 8 1 6
10774 7
26691 5
8456 1 7
70006 1 7
11355 5 7
42188 1 7
36670 8 1
10952 8 6 7
11596 8 1 6
11636 8 1 6 7
165213 8
62838 5 7
12572 5 7
11025 5
1738 8 1
10471 5
277368 2 5
12182 9 5 7
2086 8 6 7
1593 1 2 5
18360 1 2 5
181533 1 2 5
157823 8 7
18462 8 1 5
15762 8 1 5
19185 8
339 5 7
160139 8 6 7
3040 8 1
20481 8 1 7
242582 8 6 7
14326 7
10488 1 2 5
10197 9 7
10068 7
322240 1 2 5
11472 5
18079 8 6 7
9314 1 7
22832 8 1 6
14282 1 2
110398 4 7
6977 8 6 7
192141 8 1
136835 8 6
123109 8
3638 5
41630 5 7
10083 8 1 6 7
86834 1 7
340666 8 7
225574 8 1 6
9757 5
276905 1 2 5
213 8 6
9701 7
286873 1
653 8 1
6404 8 7
11397 5
14637 8 7
52077 5
11676 1 5
14410 9 7
509 5
90369 7
75656 8 6
291805 8 1 5 6
33511 7
10413 8 1 7
78383 8
10480 8 5 6
12107 1 5 7
134 1 5
75612 1 6
16991 5 6 7
17335 8 7
248774 5 7
161 8 6
298 8 6
163 8 6
13466 2 7
700 8 1
157547 8
179826 8 6
9609 7
384682 5
1542 5 6
22949 2 5
11635 5
87516 8 1 6 7
12233 2 5
257 2 6 7
117263 8 1
10768 8 7
9624 8 1
8202 1
668 8 1
146375 1 5 6
83770 1 7
654 6 7
5723 9 7
311 6 7
1428 1
335 1
527 7
209361 9 5 7
51828 7
6072 8 7
7300 5 7
510 7
54054 1 5 6 7 8
9357 8
12230 1 2 5
13933 2
6933 8 6
342878 5 7
16353 8 1
9316 8 1
77987 8 6 7
152603 7
215830 8 6
2055 1
7484 1 2
13690 1 2 5
83 8 7
9592 8 7
151368 8 1 6
1902 8 7
11857 5 7
16619 7
8675 5
2057 8 6 7
21208 8 6
11890 8 1 2 5
12610 1 2 5
15152 1 5 6
15588 1 5 6
242512 8
335796 8
10317 5 7
59968 5 7
205588 8
14362 8 1 6
606 7
1389 5 6 7
164457 8 6 7
678 8 6 7
2116 8 6 7
6950 8 1 7
289720 1
10540 1
10529 1
13160 1 5 7
7518 2 5
1825 1 7
10780 5 7
68728 1 2
13474 8
68726 1
116149 2 5
134374 8 1 6
8879 1 7
192132 7
266647 1 2
19898 8 1 6
4547 8 6 7
1417 1 4 7
11293 5 6 7
286565 6 7
140420 2 7
5924 6 7
328595 1
115348 8 7
1990 6 7
23827 8 6
41436 8
72571 8
82990 8
146301 8
227348 8
88042 5
1552 2 5 7
2266 7
655 7
119283 1 6
209262 8 4 6 7
24480 1 2 5
10538 8 1
13944 8 6 7
109099 8 6 7
10312 5 7
370755 5 7
1534 1
12192 8 6
975 4 7
9869 8 1 6 7
388399 8 4 7
11202 4 7
39513 1 5
14560 1 2 5
256961 1 2 5
159121 5 6
245698 7
10647 7
290637 8
2112 8 1 6 7
9620 8 1 6
676 4 7
5683 1 5
11167 8
10013 1 5 7
245913 7
7985 1 5 7
270946 1 2 5
98548 7
32657 1 2
76285 1 2
10494 8 2
51999 1 7
206192 8 6 7
7183 8 6 7
381341 5 7
1427 1 6 7
2011 2 7
797 7
353979 8
8913 8 7
10906 8
10601 1 2
294272 1 2
9638 8 1
152259 8
9827 8 1
29161 8
9294 1 7
9800 6 7
205220 7
71689 2 5
254578 7
1817 8 7
473 8 6 7
11020 8 6 7
9413 5 7
2786 8 7
10189 1 5
692 5
12104 9
10599 1 2 5
399106 2
24831 8
43593 8 5
71668 8 5
3293 7
285 1
58 1
1865 1
22 1
2787 8 1
114150 9 5 7
254470 9 5
257344 1 5
297222 1 5 7
10513 8 1
151960 1 2 5
218836 1 2 5
2609 5 7
16866 1 2 5
30675 1 2
869 8 1
1992 8 1
208869 1 5 6 7
792 1 4 7
15393 8 6 7
77875 5 7
277547 5 7
10227 5
2657 1 5 7
10530 1 2 7
13761 1 2 7
61404 8 1 6
257088 8 1 6
10498 8 6 7
10991 1 2
10228 2
12599 1 2
9336 5 6
10157 1 5 6
12118 1 5 6
10587 1 5 6
11825 1 5 6
11895 5 6
11546 1 5 6
9056 8 1 5 6
11134 8 1 5 6
9404 1 5 6 7 8
71157 7
12509 7
243688 8
11133 8
10306 8
15283 2
76649 1 4 7
23963 8 1 6
12429 2
11335 1 2 5 9
341012 9 5
136403 5
11621 1 2 5
10246 5
503 8 1 7
21484 8 7
25704 5
12665 8 1 7
327029 1
6435 1 5 7
25793 7
106 8 1
169 8 1
34851 8 1
206487 8 1
253310 5
49526 8 1 6
9963 1 6 7
13042 2
11092 8 6 7
114 5 7
6691 5 7
234200 5 7
4348 7
13150 8 6 7
58431 8 5 7
38321 8 1
1592 8 6 7
9440 5 7
2313 5 7
14337 8 1 7
113148 5 7
8852 8
9543 1 7
128 1 2
19458 2 5 7
176241 8 1 7
146233 8 6 7
9403 5 7
11077 5
28597 5
227719 8 1
57214 5 6
51588 5
8617 8 6
70981 1 6
133694 7
9777 6 7
11983 8 1 7
11252 8 6
10576 8 6
11322 4 6 7
680 8 6
9682 8
8051 5 7
72432 6 7
13056 1 6
13455 1
2061 8 1 6 7
12596 5 7
417859 1 2
83201 2
10764 8 1 6
13812 8 1
59115 8 1 6
121826 5 7
11979 8 1 7
18937 1 2 7
9588 1 7
10876 7
11450 4 7
374416 5
27585 7
6076 5 7
9511 5 7
323677 1 7
13836 8 1 2
14976 7
6439 5
382511 5
13920 7
30890 5 7
89185 2 5 7
242310 8 1 6
1578 7
85 1
380 7
10404 7
14024 9 7
378 5 6
4599 5 7
7555 8 1
1369 8 1 4 7
1370 8 1 4
38843 2 5
38780 8 1 6 7
75622 8 1 6 7
11645 1 4 7
7913 7
44896 1 2 5
3595 8 1
48395 1
548 6 7
9896 1 5
2062 1 2 5
234004 1 2 5
10212 8 1 5
2099 8 1 6
1677 9 7
1694 8 1 5
14370 5 7
39254 1 7
2788 7
567 8 6
240916 8 6
223 8 6 7
221 7
10664 8
185341 8
80280 8
39514 8 1 5 6
146216 8 1 5 6
12289 1 7
15384 1 4 5 7 8
60747 8 1 4
9533 8 6
11460 8
9604 1 5 6
75638 8
8870 8 1
49730 8
9626 1
48572 8 1
72431 1 4 7
136418 8 1
190469 8 1 5 6
11364 7
241257 8 6
6278 8 1
2355 7
2155 8
302528 8 7
23169 7
188538 7
10637 7
5125 8 7
1833 9 5 7
13820 1 5 7
31867 8 1 6
11481 8 7
641 7
9952 1 4 7
500 8 6
1576 8 1
35791 8 1
1577 8 1
133121 2
13648 8 1 2
7737 8 1
71679 8 1
47760 7
351145 8
1892 1
16690 1 2
13155 1 2
333381 8
13888 1 7
14052 5
6081 1 2 5 6 8
4148 7
10851 8 6 7
11011 2 5
275601 9 5 7
87421 8 1
168530 1 5
323675 1 5
11091 5 7
13389 8 1 6 7
355338 2
14564 8
2671 8
46195 1 2 5
172385 1 2 5
301 1 7
81188 1 2
61791 8 1 7
335778 1 6 7
7007 8 1 7
9346 5 7
10135 8 1
4147 8 6 7
9285 1 5
11780 1
20662 1
8005 5
8367 1 7
97020 1
5549 8 1 6
5550 8 1 6
84329 1 5 6 7
240483 1
9928 1 2 5
80585 9 5 7
12508 9 5 7
253414 9 4 5
13809 8 1 6
1366 7
1246 7
1367 7
1371 7
1374 7
1375 7
13022 8 1
330459 1 4 7
15373 5
11484 1
804 5 7
9326 1 5 7
51991 5 7
91745 7
6003 7
2085 8 1 6
10412 8 1 7
9611 5
8195 8 1 6
264644 8 7
48650 7
384371 5
1580 8 6 7
805 8 6 7
222649 7
10220 6 7
11584 5 7
21778 5
45649 1 5 6 7 8
7229 5 6
175774 1 2
103332 1 5 7
244403 9 5 7
13382 2
14534 7
10479 1 4 7
232 1 6 7
33542 8 1 5 6
241554 8 1 6 7
7942 5 7
104 8 1 7
4806 5 7
11329 8 7
11893 8 1
146238 8 6 7
7304 8 1 6 7
127533 1 4 7
221731 1 7
221732 1 7
96721 1 7
2109 8 1 5 6
5175 8 1 5 6
5174 8 1 5 6
11545 5 7
1826 5 7
97365 7
9530 1 2 5
9296 1 5 7
144336 8 1 6 7
11860 5 7
72387 8 1 6
112949 7
59961 8 1 6
84332 1 5 7
7364 1 5 6 7
287590 1 2
5336 7
11343 8 6
81025 7
27576 8 1 6
269148 5 7
254128 8 1 7
48340 8 1
11712 1 5 7
14645 5
279229 1 2
53457 4 7
11009 9 7
223702 1 2 5
82525 8 6 7
9816 9 2 7
13193 5 7
2360 5 6
857 4 7
10878 5 6 7
176 8 6
215 8
214 8 6
663 8 6
41439 8 6
11917 8 6
22804 8 6
9538 8 1
111 8 1 6 7
4247 5
4248 5
4256 5
4257 5
4258 5
9475 7
424 4 7
9842 5 7
1584 9 5
14684 7
9637 1 5 6
11024 1 5 6
512 5 6
273477 8 5
4232 8 6
4233 8 6
4234 8 6
41446 8 6
9102 8 1
9647 1 5 7
807 8 6
12150 6 7
4464 4 7
130267 8 1 6 7
23047 1
13156 2 5 7
290751 6 7
75258 1 2
1586 8 6
11013 5 7
11159 7
10007 8
11185 5 6
11249 8 5 7
88005 1 5 7
74998 8 1 7
238615 8 1 6
273895 4 7
13260 5
4584 7
13249 1 7
164251 7
9778 5 7
16320 8 1
262391 5
11592 8 5 6
182219 5
9040 4 6 7
10972 8 6
70586 8 1 6 7
16563 1 5 9 7
11321 7
86838 8 5 6
346 1 7
978 1 4 7
68737 1
5072 8 5
1364 7
4564 5 7
37786 5 7
13523 1 5 7
1412 7
289153 5 7
225886 5
11826 8 6 7
21734 8 6 7
10873 8 7
479 8 1 6
1934 4
4380 5 7
9905 8 6
9889 5 7
76025 7
3110 1 7
6038 1 5
8584 1 5
11770 1 5
65055 8
10555 1 2 5
205321 8
248504 8 1
331446 8 1
13537 4 7
747 8 5
263109 1 2 5
41505 8 6
10528 1 5 6 7 8
58574 1 6
379170 6 7
10314 5 7
245906 5
34016 5 7
9655 2 5 7
7863 7
27429 8 1
4141 8 1 5 6
7485 8 1 6 7
2605 1 2 5
11966 1 2 5 7
695 5 7
169813 7
1378 5 7
11634 5 7
10802 7
5851 1 5
808 1 2 5
809 1 2 5
10192 1 2 5
13394 1 2 5
810 1 2 5
329981 8 7
10885 8 6
11324 8 6 7
171337 6 7
273481 8 1 6 7
14924 9 7
109421 8 6 7
9675 5 7
117974 1 5 6
2675 8 1 6 7
68730 4 7
588 8 6
61012 8 6
92182 8 6
811 1 7
17898 8
82693 5 7
11509 1 6 7
187 8 1 6
189 8 6
21191 8 1 6 7
14411 1 2
335797 9 2 5 7
369557 9 7
872 9 5 7
9605 8
11068 9 5 7
82507 8 6
283445 8
2005 9 5
6279 9 5
266294 5
6068 1 5 7
15144 5 7
270774 1 5
5137 8 1 6
11459 1 2 5
37724 8 1
42684 1
11590 5 7
77495 8
13567 8
11561 1 5 7
819 8 6 7
64586 7
288036 5
7442 8 6
858 5 7
9893 2 5
2668 8 1 6 7
4520 8 7
10215 1 5 7
12498 7
9035 8 1 5
867 8 7
223485 8 1 7
12405 7
82424 1 2 5
11551 1 5
10569 1 5 6
253687 5 7
119278 8
10149 5 7
11006 1 5
7516 8 1 5 6
8688 6
326 8 1 6
107 8 6
2322 1 5 6 7 8
9545 8 1 7
134411 8 7
11888 1 2 5
58595 1 7
408 1 2
302401 8 7
110415 1 7
67748 8 6 7
10442 5 6 7
93837 1
339527 6 7
2103 1 6 7
9425 1 4
231176 5
32985 1
253344 5
15143 7
239 5 7
49022 5 7
6964 5 7
39210 7
294652 8 1 6 7
251519 1 2
13258 5
336050 8 4 7
10214 1 2 5
110416 1 2
15764 7
38985 8 1
26688 8 6
34494 5
31175 5 7
12657 5 7
43959 1 7
86812 1 6 7
45612 8 1 6
9473 9 2 5
354251 8 1
4723 8 1 5 7
307081 1 7
12101 8 1 6
5551 8 1
2300 1 2 5 7
192577 1 2
957 1 5
2539 5
236737 5 7
348537 5 7
967 1 4 7
10336 8 1
15058 7
355008 5
74513 1 4 7
9348 8 1
10216 8 1
324670 8 1
206647 1 6
1637 8 1 6
1639 8 1
7459 1 2
4174 8 6 7
10153 1
6116 1 5 9 7
9613 8 6 7
557 1
558 1
559 1
9080 1 5
9023 1 2 5
129 1 2
2619 1 5 7
37707 8 1
13220 8
381288 8
292040 8 1
314365 8 4 7
19918 5
241855 8 1 7
122081 6 7
12079 5 6 7
238713 1 5 6
1535 8 1 6
10535 1 5
10054 1 2 5
9488 1 2 5
12279 1 2 5
56288 1 2 5
995 1
52015 8 1 7
632 4 5 7
1398 8 1 7
235 6 7
265712 1 2
121824 8 1 5
329819 7
13475 1
188927 8 1
199 8 1
193 8 1
154 8 1 7
157 8 1
200 8 1
54138 1
168 1
201 8 1
152 1 6
172 8 1
174 8 1
11 1
1893 1
1894 1
1895 1
12180 8 1 2
140607 1
79108 5
2270 1 2 7
12914 1
13001 1
9663 1 7
209276 7
254194 8
563 8 1
10304 8 1
11127 1
114478 1 2
9384 5 6
35558 5 7
14055 5 7
16995 1
8066 8 6 7
10069 8
10048 1
10860 5 7
12133 5
9762 9 6 7
8328 9 7
41233 7
243683 9 7
85446 9 7
2670 8 6 7
9441 7
321697 4 7
10115 5 7
10307 8
284293 7
21629 5
11601 8 6
15567 2 5
86825 8 7
127493 8 1 6 7
44113 7
207933 8
9876 1 5
332210 2 5
9978 1 2
277216 9 7
281 8 1 6 7
302429 9 2 1
1262 1 5 7
469 5 7
845 8 6
64639 8
11667 8 1
15268 8 1
1266 8 1 6 7
14746 8 1 9
227300 8 1 5
11074 8 1 6
10890 1 5
9879 8 6 7
10137 1
10996 1 2 5
111969 5 7
1792 5
49020 5 7
356296 8 6 7
23629 8 1
9091 8 1
10650 8 1 6
12720 8 7
297761 1 6
271674 4 7
16305 1 5 7
363676 4 7
10279 8 6 7
28874 2
631 7
599 7
1272 8 1
13090 5 7
45132 1 5 7
37686 8 1 6
39939 5 6
8363 5
248507 5
9651 1
11918 1 5
1924 1
13640 1 2
8536 1
9531 1 5
11411 1
1452 1
166076 1 2
45162 1 2
22855 1 2
9408 2 5
19959 8 1
10900 8
15566 5 7
334074 8 1 6
11462 8 6
11906 8
13885 8 9 7
9684 5 7
11529 5 7
1921 7
976 7
302 8 6
10218 5 7
347031 1 5 7
9705 8 1 6
10760 5
4550 8 7
4960 7
231 8 7
72525 5 7
180863 6 7
7508 7
121734 1 2 5
11658 1 4 7
50725 5 7
64720 8 7
12763 9
11485 5 6
86555 5 7
8681 8 1 6
82675 8 1 6 7
260346 1
22907 8 1 6 7
11081 8 1 6 7
26320 9 5 7
314405 8 1 7
37933 1 2
306964 8
64 7
9718 5
353571 5 7
38961 5 7
226486 5
308084 5 7
38757 2
82881 1 2 5
9618 1 5
9067 1 5
230222 1 2
15657 1 2
11045 8 1 5 6
2332 1 5 6
2334 1 5
2335 1 5
103 6 7
3989 9 2 5 1
9567 1 4 7
72105 1 5
214756 5
177888 9 2
11824 1 5 7
98566 1 5
1497 1 2 5
1499 1 2 5
308531 1 5
13121 8 5
42194 8 1 6 7
10795 8 6 7
2179 9 5
10396 8 1 6 7
280 8 1
296 8 1
87101 8 1
534 8 1 7
11050 5 7
284689 4 7
41428 8 1
76617 8
72477 8 6 7
9388 5 7
112200 5 7
225565 5 7
9591 5 7
38396 5
87428 5
145247 1 5 7
1911 1
293646 4 7
260 8 1 6
6957 5 7
147 7
1613 8 1 5 6
299687 1
8452 8 1 6
34544 8 1 5 6
87436 8
254201 8 6
2756 8 1
13401 5 7
11847 8 1 5
302946 8 6 7
10868 7
2907 1 2 5
38050 8 1 7
14506 1 5
11692 1 5
2759 5 7
10907 1 7
14199 1 2
17578 1 2 6
488 1 4 7
293863 1 7
10436 7
13641 8 1 6 7
10733 1 4
1930 1
102382 1
27579 8 6 7
9087 5 7
10065 8 7
10514 8 1
103747 5 7
152790 5 7
153518 1 2 5
11090 1 5
55931 1 2
269173 8 1
9906 1 2 5
284 5 7
79694 8
10112 1 2 5
10547 8 1 6
64678 7
209247 5 6
11398 8 1
74643 5 7
253450 1 4 7
4512 1 7
5172 1 5 7
2900 8 1 7
299551 8
397243 8 6
9320 8
2567 7
77949 8
6968 1 4 6 7 8
242224 8 7
34806 5 7
11699 6 7
23479 2 5
242076 8 6 7
8848 8 6 7
10474 6 7
17295 4 7
123105 8 1
81446 1 5 6
1907 8 1 7
50780 7
4012 7
9957 5
328901 7
74534 5 7
146304 5
239571 7
152742 6 7
887 4 7
19204 8
267935 1 2
175 1 7
12481 1
12560 5 7
9448 8 1 5
115 5 6
318846 5 7
910 8 6 7
87567 5
73937 5
11000 5
571 8
618 4 7
10957 2
9676 7
9570 1 2
2667 8 6
304410 9 5 7
22881 7
96936 6 7
8851 8 1
5689 1 7
200481 2 7
525 9 5 1 6
18947 5 7
111083 8 6
619 8 1 9 7
9481 8 6 7
20504 8 1
228326 1 2 5 7
203833 7
8374 8 1 6
22821 8 1 6
9449 1 2 5
323676 5
2669 1 4 7
27573 1
2501 8 1 6 7
49040 8 1
2502 8 1 7
2503 8 1 6 7
22825 8 1
170687 1 2 5
321258 8 6
315465 1 2
14574 4 7
241251 8
16241 8 1 7
330764 1 5
127867 8 1 5
183836 5
4413 8 6 7
9767 5 7
2108 5 7
17350 5
826 4 7
688 7
137182 7
308453 5 7
28942 8 1
21755 1 5 7
4442 8 1 5
7350 5 7
11974 8 5
12165 7
132363 7
1954 8 1
14620 8 1 7
16258 8 1 6 7
22970 8
9894 8 5 7
158011 8
77953 5
265010 8 6
11286 5
244761 8
10588 1 2 5
15370 1 2 7
9042 8 1
309 7
8843 8 1
49520 5
13550 8
13855 8 6 7
16342 8 6
988 8 7
330483 7
5528 7
2454 1 2
411 1 2
10140 1 2
2789 1
2791 8 1 2
1715 7
28978 2 5 7
902 1
352161 8 4 6 7
8841 7
10731 8 6 7
238215 1 5 7
77948 8 1
134597 8
21407 8
178809 8 1
11873 7
873 7
11663 9 5 7
44129 7
87496 8 7
25205 5 7
14636 8 1
152795 1 2 7
138843 8
259693 8
197950 8 1 6
60309 4 6 7
1985 8 6 7
1441 8 1 6 7
592 6 7
7452 6 7
9341 8 1
109091 8 6 7
11362 8 1 7
7862 4 7
9954 8 1
9100 8 1 7
60670 8 6
49519 1 2 5
9495 8 1
10546 8 1
20539 4 7
11386 8 6 7
4922 8 1 6 7
2779 8 5 6 7
533 1 2 5
591 8 6
21641 7
306819 7
4538 1 5 7
11639 1
155 8 1 6 7
49026 8 1 6 7
248933 4 7
71469 8 1
257345 8
435 8 1
4909 8 1
10200 8 1 7
10651 8 1 6
11336 8 1
10425 8 1 6 7
48289 8 7
11778 4 7
244610 8
1422 8 6 7
65057 5 7
9392 8 1
34480 8 1
76487 8
350 5 7
1813 8 6 7
1433 8 1 7
62630 1 4 6 7 8
4477 8 6 7
1696 8 6 7
250124 7
76493 5
44564 5 7
9421 5
1654 1 4
38542 8 6 7
157829 7
4593 5
38541 1
2013 7
389053 1 5
10537 9 7
73499 8 1 6 7
1600 8 7
133469 5 7
1278 7
298382 7
154400 6 7
12783 4 7
272693 5 7
250225 7
6519 1 5
169219 8 6
49494 1 7
87499 8 7
9433 8 1 7
376660 5 7
1955 4 7
11688 1 2 5
1891 1
249688 7
10649 8 1 6
409 4 7
174321 5 7
24740 8 6
156022 8 1 6
351964 5 7
764 8
8643 8 6 7
9552 8 7
11587 8 6
27578 8 1
76163 8 1
138103 8 1
43549 8 7
29264 1 5 7
35552 1 6
9030 8 7
136911 8 6
9276 8 1 6
14784 1 7
112205 1 5 6
5994 1 5 7
9043 5 7
9566 8 6 7
9799 8 1 6
9615 8 1 6 7
222935 7
3053 8 5
18 8 1
162903 8 7
45317 7
8738 1
11099 8 1 6 7
19912 8 6
293970 8 5
300673 8 1 4 7
37233 8 6 7
12169 7
84199 5 7
2925 5
177 5 7
72207 5
888 1 2 5
889 1 2 5 7
76758 4 7
11815 8 1 7
10344 8 1
791 8
1729 1
329440 8
255157 8 6 7
10145 8 1 6 7
310307 4 7
1381 1 7
9093 1 4 7
22824 8 1
10948 1 2 7
1051 8 1 6
10779 8 5
199373 8 6
5503 8 1 6
9427 5
318121 5 7
299245 8
284536 8 6 7
2649 8 6 7
13680 2 5
198375 2 7
6917 8 1
17689 8 1 6 7
961 1 4 5 7
2275 8 6 7
5916 8 1 6
10586 1
11439 8 6
2046 8 6 7
186161 5
10591 5
346685 8 7
33613 8 1 6
14069 1 2 7
24253 8 1 6 7
375366 8 7
65754 8 6 7
227156 1 7
2176 8 7
9625 8 1 6 7
238 6 7
240 6 7
242 8 1 6 7
8393 1 5
962 1 2 5 7
10136 1 5
2268 1
105864 1 2
9962 5 7
250538 7
1247 8 4 7
9272 8 7
429 1
15067 1 5
9340 1 2 5
37247 5 7
120467 5 7
209185 5
44865 1 4 7
596 7
179144 5 7
14047 7
914 5
5925 8 1 4 7
11034 7
9994 2
13922 1 4
5698 1
311324 8 1
15487 2 7
40805 1 5 6
171424 8
497 1 6 7
75174 8 1 7
18129 6 7
1970 8 6
1975 8
1977 8
67913 8 1 5 6
4643 1
241848 8 1 6
82687 5
266396 1 6 7
10911 1 4 7
312831 8 1
11087 8 7
290098 8 7
18785 5
45243 5
109439 5
8645 8 1
11384 1 5 6
273248 1 6 7
10756 1 2 5 6 8
11618 8 1 6
18781 8
150202 8 7
9038 5
136795 1 5 6
14400 8 1 7
50014 7
80184 8 6
1059 1 5 7
9792 8
9793 8
8398 8 1 6
7453 1 2 5
49051 1
122917 1
57158 1
45650 8 1
1581 5 7
8327 7
264656 1 7
37905 8 1
547 7
72710 8 1 7
11852 1 5
590 7
12620 5 7
25983 8 6
11298 8 7
11934 5 7
37169 8
74997 8 6 7
94365 8
10922 8 7
10545 1 2
12448 1 2 7
228194 7
11654 8 7
70160 1
101299 8 1
131631 8 1
131634 1
244688 5
103663 7
1669 8 1
10632 8 1 6 7
70954 8 1 7
231474 1
290595 1 7
10400 7
990 7
68924 7
68812 8 6 7
10316 7
1491 8 1 7
8054 1 6
205596 8 4 7
56909 5
152599 7
9026 4 5 7
80278 7
242022 5
69798 5
124459 5
1724 1
9806 1 2
11359 1 2
325789 8 6 7
11323 8 5 6 7
58428 8
16372 8
9008 8 7
257211 5
4959 8 6 7
116741 5
179 1
228967 1 5
77338 5 7
4858 8 1
23082 1 5 7
9785 8 1 6 7
303542 1 5
10787 8 1
306947 8
10386 1 2
71688 4 7
1635 8 1
9654 1 6
4824 8 1 6
9667 8 1 6 7
5951 5 7
6471 5
10303 1 5 7
41479 5 7
205587 7
278927 1 7
14873 1 2
38575 1 2 7
8856 1 2 7
10495 1 2
196024 8 6
4244 1 2 5
63831 7
39781 5 7
10835 8 1 6 7
37414 8 6 7
247 8 1 6 7
625 4 7
262 5 7
4349 8 1 7
156700 5 7
45269 4 7
328589 5 7
940 8 6
5516 8 5 6
2044 6 7
12144 1 2
15997 1 2
152426 8 1 6 7
10196 1 2
9319 8 1 5
2100 8 1 7
168138 8 1
190847 8 1
746 4 7
38358 8 7
146203 8
206296 9 5 7
15516 8
1523 7
7511 5 7
9703 1 4
2267 1 2
317442 1 2 7
9361 1 4 7
25188 7
616 1 4 7
35690 2 7
76640 8 1 6
11884 1
11051 7
10150 1 2
274854 1
10163 8 1
243940 8
13825 8 7
8698 8 1
44249 1 4 7
10376 1
4958 1 7
12207 1 5
188207 1
258489 1
1656 1 7
324849 1 2 5
137106 1 2 5
1040 7
7548 7
14207 8 1 5 7
14208 1
14728 1 5
421 1 5 7
11615 8 6 7
157375 5 7
283552 7
50348 8 6 7
8587 2 7
11430 2 5
9732 1 2
276844 5 7
10144 2
13676 2
10898 2
309809 1 2
10897 2 5 7
582 8 7
708 8 1
18736 1 2 5
254320 8 1 5 7
72784 8
57201 1
11412 8 1 6 7
9289 1 4 7
228205 7
206821 5 7
9291 5 7
8270 8 6 7
73723 2
123 1 2 7
120 1
122 1
121 1
104755 8
34813 8 1 6
1547 8 5
28580 7
330 1
14136 1 2 5
12177 5 7
209249 5
46420 8
7980 1 7
77877 7
191714 7
174675 8 1
4553 8 7
760 5
239877 5 6 7
8094 7
333484 1
11086 7
963 8 6 7
9074 1 5 6
13363 1 7
51608 8 1 6
9313 1 7
991 1 7
353326 7
9414 8 1 5 6
574 8 1 6 7
11697 1
10778 6 7
983 1 7
682 8 1
97430 1
11591 1 5 7
10502 7
14462 8 6 7
250480 2
8975 8 1 7
286217 1 7
854 1 5 6 7
9342 8 1 5 7
68722 7
9515 1 5 6 7 8
603 1
604 8 1
605 8 1
198663 8 1 6
4543 5
329712 7
27582 8 1 6
10610 8 1 5
10313 4 5
11162 7
28089 4 7
10047 1 4 7
9966 8 7
6073 1 5 6 7
10185 8 6 7
10414 2 5
12146 8 1
11416 1 4 7
5876 8 1
10466 5 7
13509 8 1 5
152760 1 4 7
123553 1 6 7
11120 1 7
15206 8
2637 8 6 7
1653 7
564 8 1
1734 8 1 7
1735 8 1
10437 1 2 5 7
11176 1 2 5
64328 9 2 5
11899 2 5 7
37137 1 5 6
36593 1 5 6
37136 1 5 6
192 8 6 7
12435 5 7
11393 7
41602 8 1 5 7
9631 8 1 6 7
301365 8
1642 8 1 6 7
34584 1 2 7
34636 1 2 7
344268 5
283726 7
10985 2 5
11400 4 7
11231 1
43539 8 6 7
290250 8 1 5 6
296100 5
33365 5
3112 8 6
9479 1 2
12994 8 1 6 7
622 8 6
113833 7
11036 7
254904 8 1 6
3594 8 6 7
77234 8 1
227783 1 2 5
9327 1 5 7
11356 5
71864 1 2 5 7
11234 8 1
806 8 7
10796 8 1
242090 5 7
89008 5 7
6537 8 7
12184 7
27581 1 5 6
364116 8
52505 7
1933 8 6 7
10747 1 7
227 6 7
308024 5 6
12245 8 6
189197 1 4 7
10022 1 2 5 7 8
111440 8 6
15139 1 2
14202 7
82390 8
9820 2 5 7
166 5 7
171 5 7
780 4 7
615 7
152780 6 7
2024 1 4 7
6623 8 1
227973 2
9944 8 1 6
13122 8 5 6 7
304372 8 7
66195 8 5 6
15648 2 5 7
13505 5 6
2133 7
84892 7
9826 1
9833 8 7
981 5 7
423 4 7
713 7
1791 7
12096 1 2 5 6
15159 5 6
12268 5 6
72197 1 2 5
97367 6 7
10403 5 7
89899 5
5955 8 6 7
5255 1 2
551 1
77883 8
272692 8
9922 1 7
1124 8 6 7
241254 8 1
11137 5 7
9837 1 2 9 7
10198 9 2 7
2493 1 2 5 7
9880 2 5 7
11130 2 5 7
9899 9 5
271736 7
11980 8 1
18240 5 7
8982 8 1 6 7
8867 8 1
120605 8 1 7
158015 8 1
238636 8
316727 8 1
10849 1 5 7
1402 7
282813 8
1165 7
9103 1
12106 8 1 7
10176 8 1 7
3109 5 7
193612 8
94329 8 1 6
180299 8 1 6
127560 4 7
11975 8 6 7
70436 8
8055 7
1683 8
24122 5 7
1647 8 1
15265 1 2 7
19542 7
337703 1 2 7
14283 8 9 6 7
49787 8 7
11015 8 6
280002 8
1245 7
11702 8 1 6 7
10393 5
11319 1 2
11135 1 2 6
50671 8 6
15969 1 2 7
10925 8 5
11843 5
281957 8 1 7
289727 5 7
347969 1 5
209406 5 7
9549 4 7
565 8 6
10320 8 7
9927 5
270302 8 7
48171 8 7
8987 8 1 6
20766 1 7
10501 1 2 5
228108 5 7
9802 8 1
10186 9 5
10249 1 2
36685 8 9 5 1
6723 1 5 6 7 8
17473 7
49950 8 7
41411 4 7
157845 6 7
9428 5 7
14444 2
11152 8 7
1809 5 7
23514 5 7
27586 9 7
10159 8 1 5
865 1
211067 8 6
10003 8 1 7
266285 1 7
11528 2 5
58013 5
11395 1 2 5 7
9021 1 2 5
13767 1 2 5
8272 7
10533 4 7
300 1 5 7
11371 8 1 6
9334 1
13486 1
1913 7
291351 7
3114 1
268238 5 7
310569 7
11236 1 2 7
25376 6 7
12837 1 7
328111 1 2 5
116745 1 5 7
26963 1 2
10021 5
11704 1 2 7
51739 1 2
2274 8 1 2 7
5820 8 1 6
11503 8
113947 5 7
10653 5 7
490 1 7
8850 8 1
10067 2 5
332567 8 7
278 6 7
694 8
6440 7
20334 5 7
9882 8 1 6 7
334517 8 4 7
242095 8 1
274 8 6 7
35 2 5
9779 5 7
10188 1 2 5 7
57431 5
745 8 6 7
9913 8 6 7
244772 7
63311 8 6 7
11478 8 6 7
41513 1 2 5
77931 1 2 5
37799 7
17332 7
27022 1 5 7
15121 9 2 7
1555 5 7
2636 8 1
157386 5 7
8204 1 2
8285 8 1 5 6
23172 1 2 5
691 8 1
10707 5 7
13519 8 1 7
308032 8 7
225703 5
2056 5 7
19904 8 6
9890 1 5
9277 5 6 7
404 7
10665 8 6
60803 1 2 5 7
4614 8 1 7
22586 1 2 5
116613 1 6 7
10217 7
11812 5 7
41210 5 7
9078 2
297608 8 6
18487 8 6 7
8333 8 1 6
10199 1 2
149871 1 2 7
86597 8 6
6844 4 7
11482 8 1
594 5 7
218 8 1
30497 8
9373 8
16337 8
10781 8
266856 7
3529 5 6
8741 4 7
60935 8 1 6
10785 8 1
1092 8 6
1090 8 1 6
913 5 6 7
246320 5
8053 1 6 7
52451 8 1 5
76489 5
15655 2
2135 1
24420 1 7
129139 5 7
37710 8 1 7
24056 8 1
5919 8 1
23168 8 6 7
287084 8
15239 8 1 5
1857 2
4108 8 1 6
287948 8 1 6
3090 1 7
8967 1 7
63578 5 7
9662 1 2 5 7
11219 8 5 6
37165 5 7
301608 8 6
46221 8 6
10771 8 1 5
9385 1 2 5
50619 1 7
50620 1 7
24021 1 7
18239 1 7
192149 8
20943 5 7
13788 8 6
14254 8 7
117 8 4 6 7
629 8 6 7
21427 5
1644 8 6 7
157544 8
257087 8
24226 7
6947 8 6 7
11656 6 7
1443 7
298312 8
12473 9 6 7
11687 1 5
248705 5
10353 1 5
244458 8 5 6
219318 5
72570 7
204 8 1 7
293670 8 6
285783 8 1 7
249 8 5 7
8974 8 1
45657 8
11474 8 1 6 7
46528 8 1
80035 5
10685 8 6
256917 4 7
54318 1 2
10663 5
336882 8 1 7
59468 1 5 7
49009 1 4 7
237791 7
9462 1 6
147773 5 7
6963 5 7
6961 5
2018 5
252838 5
11003 5 7
65760 8 6 7
37903 6 7
2069 5 6
2122 8 5 6
331583 8 7
9708 8 6
9904 2
576 1
149870 2
1116 4 7
761 5
310131 8 6
10166 8 1
6069 8 1 5
630 1 2
13666 8 7
106646 5 6 7
7978 8 7
76170 1
65599 8
65086 8 7
288158 8 7
13972 5 7
9692 7
83686 8 7
36643 8 1
107985 1 5
9912 7
10017 8 1 6 7
12163 7
531 2 5
846 8 1 6
8836 8 1 6 7
57361 8 6 7
18320 4 7
157834 1 7
1541 8 1 6 7
10832 8
7345 7
544 5 7
199575 8 1 7
9299 8
364433 8 1 5 7
9394 1 5
180296 5
8337 8 1
14979 8 1 6
11524 8 1 6 7
67660 5 7
184098 5 7
10280 8
9378 8
192145 7
22536 8 7
11023 7
11973 8 7
8092 7
89492 5
11798 6 7
11031 9 5
109414 1 5
239678 5 7
59962 1 5 7
53487 7
10195 1
76338 1
19100 2 5
8388 1 5
108 9 6 7
110 6 7
109 5 6 7
11963 8 1 6
6415 1 5
12154 2 5 7
38286 5
11630 2 5
61979 7
3777 4 7
11896 5 6
202575 1 2
660 8 1
636 8 1 6 7
11559 8 1 7
10687 4 7
265228 7
36819 1 2 5
273271 8 1
8831 8 1 6
14139 8 1
9562 1
10478 5 7
13179 1 2
44683 1 2
297270 1 2
25475 1 2
175112 2
49517 8 6 7
597 8 7
1273 1 2 5
198 4 5
381 8 6 7
577 8 1 5 7
22584 8 1 4 7
595 6 7
81836 5 7
60281 7
13398 2 7
18148 7
184352 8 7
18911 1
65229 7
11969 1 4 7
11381 5
382591 5 7
714 8 1
43930 1 7
158852 1 2 6
374475 5 7
23023 1 2 5
9576 5 7
284296 5 7
744 1 4 7
8764 5
11165 1 4 7
10718 1
36834 7
64635 8 1
1480 8 6 7
59108 1 5
862 2 5
863 2 5
10193 2 5
213121 2 5
256835 2
11597 1 5
290764 1 6 7
203819 1 7
1621 5 7
1900 7
396535 8 1
2034 8 1 6 7
627 6 7
271718 5
13291 8 1 6 7
68727 8 6 7
546 7
157353 8 1 6 7
1858 1
91314 1
38356 1
8373 1
9335 8 1 6
13387 8 1 6
6687 8 6
9039 8 1 6 7
206563 8 1 6 7
9016 1 2
9362 8 1
11069 8 1 5
10829 8 1 5
70578 8 6 7
26466 8
23202 8
11829 1 5
146198 8
9044 7
46146 8 1
136799 1 2
97 1
20526 1
7446 1 5
87825 7
652 1 4 7
10354 6 7
44264 1 7
36955 8 1
339396 1 5
319 8 1 6 7
245706 6 7
294016 7
44945 8 6 7
300693 7
101179 8 6
57112 5
13768 1 2 7
46838 8 5
77950 2
310135 1 5
9796 8
94562 5
6951 1 2 5 6 8
246403 8 5 7
250235 5
63 8 1 6
121642 4 7
8966 1 7
15301 8 1 7
1923 6 7
9493 5 7
13572 8 1 6 7
664 1 7
1997 1 2 7
221902 7
9910 8 5 6 7
10362 7
11916 1
286554 5 7
2642 5 7
76543 7
10155 8
3536 8 1 4 7
9920 8 1
626 1 7
9741 8 1
227306 4 7
2616 2 5 7
366564 5
8845 8 1
3512 8 1
10562 8 6
375012 8
97370 8 1 7
10934 5 7
12277 1 5
6589 1 2 5
153158 1 2 7
11902 4 5 7
277 8 1
52520 8 1
346672 8 1
834 8 1
12437 8 1
15070 8 1 7
15255 8 1 6
38234 8 1
2251 7
239573 5
33 1
277685 8
9829 1 4 6 7 8
9349 8 1 6
122857 8 1 6
28510 8 1
10366 1
9828 8 6 7
10027 1 6
44048 8 1
38199 8 1 7
8090 7
14160 1 2 5
366514 5 7
11455 5
22947 7
58244 1 7
145197 1 7
14926 5
9877 8
752 8 1
10294 8
296099 1 5
10984 8
32856 5 7
37861 1 7
14175 1 2
2253 8 4 7
203739 8 1 5 6
12158 8 5 7
9945 8 1 7
40264 8 5
7131 8 1
10032 5
19824 5
1903 8 1 6 7
43552 8 7
11951 8 1 7
7461 8 1 6 7
14709 5 7
11419 5
180948 8
1808 9 7
197082 7
177494 5 6 7
11678 8 1
426 8 6 7
10029 8 5 6
70706 7
84348 8
267806 8
159117 8
307663 8 1
5038 7
228066 8 1 7
320007 8 6 7
837 8 1 6
9597 8 1 6
11523 5 7
12122 8 1
32085 1 2 7
9271 8 1 6
9423 8 1
353686 8
169020 5
10357 8 1 7
219 5 7
129112 7
586 5 7
11206 8 6
52338 7
10758 5
9081 2 7
6575 9 5
187596 5
69 9 7
36040 1 7
11358 8 1 7
77951 1 2
10673 6 7
33909 6 7
10681 2
8885 2 4 7
50647 5
8909 8 1 6
10431 8 1 6
308266 5 6 7
57212 4 7
74 8 1
68735 1
860 8 1
82654 8 5 7
59440 1 7
2110 1 5 7
6916 1 5
13183 1 6
55787 7
11837 1 2 7
9804 1
8872 5
8873 5
315319 5
11170 7
291272 8
159128 8 7
301351 9 7
74465 2 5 7
71859 8 7
2001 8 6 7
10590 1 4
9522 5 7
79120 7
8491 5
11814 1 5 7
284537 5 7
205724 5
85038 5
93828 1 6
31007 7
48415 5
8265 5
138832 5 6
1725 9 6 7
2362 8 1 7
2171 5
208277 5 7
1088 2 7
53319 5
10735 2 5 7
10276 5
12159 1 7
10242 8 7
9029 5 7
212716 5 7
8944 5 7
2655 8 6 7
127373 7
76494 5 7
276843 5
246741 8 5
3981 5 7
19265 5 7
1587 7
112198 5 7
63492 5 7
10053 8
13477 1 5 7
242828 2 7
232679 7
11046 1 4 7
10564 5 7
16523 1 2
252512 5 7
2064 5 7
22798 7
244786 9 7
279641 4 5
37797 2 7
157825 8 7
12153 5
13368 9 5 7
12227 1 2 7
117251 8 1 7
10158 5 7
11804 8 7
22787 8 1 6
8697 8 1 5
856 1 2 5 6
396 7
356305 5
280391 1 2 5
11208 8 6 7
228970 7
483 8 5 6
265208 8 6 7
13971 2 5 7
11199 1 5
614 7
265195 8 5 7
44147 1 5
617 6 7
8487 1 5 7
847 1 7
185460 8 1 6
252 1 2
11823 5 7
13476 5 7
55725 5 7
12100 1 4 7
144 1 7
51162 2
265169 7
39013 7
137321 1 6 7
231576 5 7
179538 8 5
13446 5 7
10762 8 1 5
9281 8 6 7
37257 6 7
26736 1 2 5 7
110420 1 2 7
9885 8
199534 8
309302 1 7
304357 7
4203 5 7
11004 5 7
15359 1 2
3525 5 7
1852 8 4 7
72190 8 1 7
20178 5 7
97051 8
57165 1
82690 1 2 5
50838 8 6
13198 1 5 7
83186 5 6
9902 8
13186 8
23823 8
71672 8
125509 8
259072 8
12160 1 7
290999 8
36657 1
246655 1
127585 1
49538 1
2080 8 1
36668 8 1
36658 8 1
352492 7
7451 1
47971 8 1 6
11679 1 6
278236 7
1391 7
6935 1 6 7
17610 1 5
12105 1 2 9
10201 5 7
41515 1 2 5
11878 8 1 7
38303 5 7
36950 7
10661 1 5
1819 5 7
667 8 1
38031 5 7
184314 7
3034 1 5
11967 1 7
9086 1
215379 1 7
11904 1 2 6 7 8
38319 1 5
84355 5 7
83899 8 6
13499 2 5 7
310593 5 7
22327 5 7
9489 5 7
245775 7
193687 8 1 7
10358 5
278774 2 5
4923 8 1
6795 1 2
246 1 7
11030 5
97630 8 4 7
1949 8 6 7
254474 8 1 5
7219 8
19908 8 5
38317 2 5 7
9398 5
329833 5
14113 1 2 5
269149 1 2 5
185567 8 6 7
