8 16 5
9 2
8 12 15 17 19
16 8 5
8 5
8 16 5
8 1 2 10
9 5
9 3
9 5
8 19 6
8
8 1 2 19
1 2
8 11
8 2 19
8 19
8 1 2
16 10 5
8 1 19 20
19 12
19 12
8 1 2 11
1 2 19 6
8 9 10
5
1 5
5
1 19 6
1 5 6 8 19
8 17 2
17 2 15
17 19
1 2 17
8 17 10 16
8 6
5
8 19 6
1 5 6
1 19 6
1 5 6
8 5
1 2 6
8 6
16 5
17 19 12
17 19 12
8 1 19 6
8 16 5
8 16 6
19 12
19 12
1 2 5
1 2 20
1 20
1 2 5 6 19
8 6
19 12
21
8 19 6
8
16 5
17 19 15
8
8
1 2 10
8 3
16 5
8 13
16 8
5
8 1 19 20
19 12 15
8 10
8
5 6 13 15 19
19 6 15
19 6 15
1 2 3 17 19
5
8 5
8
8 16
8 1 6
8 19 6 15
8 1 6
8 11 20
8 6
9 3
9 3 5
8 3
9 5
5
16 9 5
8 17
9 3 5
8 5
8 19 12 15
8 19
19 5
5
8
5 6
21
1 2 5
16 12
1 19
19
8 16 5
2 3 5 9 16
2 3 5 9 17
8 6
13 5
12 5
12 5
8 19
8 19 6
8 5
8 16 2 1
8 9 5
5 8 10 16 17 19
8 16 5
8 16
8 9 10
1 2 19 6
8 5
5
8 1
8 5
9 3 5
8 19
21 5
8 10
2 3 5 9 10
8 1 19 6
19
5
5
19 12 15
19 12
19 12
19 12
12
2 19 15
8 19
8 19 6
8 19 6
8 6
8
8 16
8 16 11
19 17 3
8
19 12 6
8 5
5 6
19
8 16
17 2 19 1
8 9 5
8
8 12 15
8 5
8 19 6
17 2 10
9 3
5
8 16 20 15
13 5
1 2 19
8 19 6 15
8 16
8 2 5
8 9 16
1 19 15
8 16 5
8
16 5
8 5
8 17 5
8 1 2 19
1 10 12
19 12 15
8 19 6
17 5
5
16 5
8
5 15
5
8 16 2 13
1 19 20
8 16
8 5 6
9 10 5
16 5
8 16 5
8
5
5
2 19 5 6
19 12
17 2 1
8 19 5
8 17 10 19
8 1 5 6
8
19 12
1
5
8 2 11
8 2 11
8 16 21 6
17 19
8 1 2 5
1 19
13 5 6
16 5
5
17 3
2 3 5 9 10 16
9 2 3
5
8
1 19 6 15
1 2 8 11 16 20
9 5
5
8
5
9 10 2
10
17 12 1
1 19 17
17 12 1
1 19 12 17
2 5 9 10 17
1 10 12 17 19
8 1 2 19
8
8 5
5
19 12 5
3 5 8 9 10
8 1 2
8 5
8 20
1 2 3
5
19 12 15
8 19 11 15
8 5
17 2
1 8 16 19 20
8 5
8 13
16 2 5
1 19 6 15
16 5
9 3
8 6
8 10 12 15 17 19
3 5 9 10 13
3 5 9 10 13
9 2 3 5
3 5 9 10 13
8 16 10
8 11 13
8 5
8
8 6
8 16 19 6
8 5
1
8
8 16
8 6
19 12
16 5
16 5
5
5
5
5
8 19 6
5
1 20
8 5
1 5
16 5
16 5
8 11 15
16 5
8 19
8 16
8 16
8 6
19 12
8 16 13 5
8 9 2 3
9 2 3
12 5
12 5
8 16
9 3 5
8 16
8
2 19 12
1 2 12 17 19
5 6
5 6
9 3
8 19 6 15
5
5
5
8 16 5
19 12 6 15
8 11
19 12 15
16 8 10 5
19 15
8 9 10 5
5
8 9 5 16
5
8 19 6
8 16 11
8 16
12
8 9 5 13
8 16 5
8 16 3 5
8 19 11 15
13
8 17
8 5
17 2 1
19 11 20
8 19 12
8 1
8 1 6
17 12
8 16
9 2 3 5
8
16 5
12
8 20
8 1 2 19
8
17 19 12
8 21 6
1 3 17
17 3 1
8 19
16 9 10 5
12 5
8 19
8 9 5
16 9 2 5
5
17 19 12
8 19
8 16 10 5
8 19 15
1 2 19 17
8 1 19 6
1 2 5
1 2 5 6 19
10 12 5
8 20
1 2 5
17 19
8 17
5 6
16 5
10 9 2 3
3 9 2 10
3 9 2 10
8 9 3 5
19 12
16 5
8 16 5
8 19 15
19 5 6 15
1 2 19 6
1 2 10 17
19
8 1 19
9 10 2 5
9 2 10 5
9 2 3 5
9 2 3 5
9 2 3 5
9 10 2 5
9 2 3 5
9 2 3 5
9 2 3 5
2 3 5
9 2 5
1 3 9 17
12
1 3 9 10 17
9 2 3 17
19 12
8 16
8 1 10 17
1 5 17
8 20
8 19 12
8 5
8
16 5
17 5 6 1
17 5 6
1 2 5 6 17
8
17 19
8 16
8 9 10
1 2 10 17
1 2 17
19 6 15
8
8 16 5
8 9 10 5
2 5 8 9 10
8
5
1 2 5 9
5
5
5
16 5
5
5
17 2 5 9
1 2 5 9 17
1 2 5 9 17
8 19 12
1 6 8 15 19
12 15
8 1
1 2 5 6 8 19
1 2 5 6 19
1 2 19 5
8 16 19 6
5
8 6
12 5
5
8 5 6
8 5 6
1 12 5 17
5
5
8 6
1 19 12
8 1 5 16
5 6
9 2 3
8 9 3
8 9 3
5
8 1 20
1 21 5 6
16 1 5 6
8 9 13 5
8
1 19 6
1 17
17
5
8 5
5
9 3
9 3 5
9 3
9 3
8 16 5
1 2 5
8 5
9 3 5
8 16 20
8 5
5
1 6 8 15 19
19 15
19 6 15
1
2 5 6 9 17
1 10 6 17
3 1 19 6
1 3 17
8 1 6
9 3
17 10 1 6
1 2 3
1 2 3 9
1 6 10 17 19
1 3
1 3
8 1 3 6
1 3
1 2 10
1 2 3 6 17
9 10 5 17
1 2 3 9 17
1 17
1 17
8 2 19
1 19
1 2 19 17
8 11
8 17 2 1
8 17 19 1
8 17 2 1
5 6
8 5
5
8 20
8 10
8 16 10
8 16 5
16 5
16 10
9 3
16 5
3 5
5
8 16
16 10 5
2 3 5 9 10 13
16 9 10 5
9 2 3 5
5
9 5
9 5
10 5
19 15
8 10 19 12
16 8
8 16
8 16
8 19 6
8 16 5
16 8 13 5
8 16 5
5
8 1 19 20
8 16
8 10 5
8 5
8
8
2
8 16
9 3
19 12 15
8 2 11
8 16 5
17 2 15
8 16 5
10 3
8 19 12
8 13 5
8 5 6
5
9 2 5
1 5 6
1 5 6
1 5 6
1 5
16 10 5
16 8
19
8 5
17 5
8
5
5 8 9 10 16
5 6
8 5
8
9 5
8 2 10
1 2
1 2 3 5 9
8 16 2
5 6
5 6
1 5 6
1 5 6 8 19
5
1 2 5 10 12 15
2 5 9 10 17
17 2 5
8 13 5
8 20
5
16 1 2 5
8 5
8 11
8 19 15
19 5 6
5
8 16 19
8
8 19 20
16 5
19 12
1 8 12 15 19
1 5
1 11 20
2 10 5
8 6
8
1 19 6
2
12 5
8
8 19 15
1 6 8 15 19
1 12
17 19 12 1
8 17 19
1 2 10 12 17 19
8 1 5
19 12
16 5
21 5
5
16 5
8 17 19 15
1 19 6
8 1 19
8 1 19
1 19
8 19 6
8 19 6
8 19 6 15
1 2 10 12
1
8 6
8 19 15
8 19 15
2
16 8
8 5
19 6
1 19 5 6
1 6 8 17 19
8 16
8 19 6 15
1 5 13 6
5
8 11
19 15
8 16 19 6
8 1 19
8 19 6
9 2 3 5
8 2 12 21
8 6
12 5
8 19 12 15
8
19 12 15
8 16 5
5
8 20
1 10 3
8 5 6
8 16
8 16 19 6
8 1 19 6
19 12
9 3
5
8 6
8
8 6
8 6
12 5
8 1 11 20
17 5
8 11 19 6
8 1 19
8 16 5
8 16
8
8 6
5
5
8 15
8 1 6
8 16 13 5
12 5
17 12
5
16 5
8 19
8 9 2
16 5
5
16 8 5
8 16
8 16
5
5
5
5
8
16 5
5
8 16
8 19
8 1 2 19
8 19 6
8 16 19
8 16 5 15
8 1 6
8 16
8 19 6
9 2 3
9 2 3
1 2 11 12
8 19 20
10 5
5 10 12 15 19
8 16 2 5
16 8 5 6
1 12 5
19 12
16 5
1 19 6
1 2 19 5
1 10 5
1 19 5
8 6
8 1 19 6
8 6
8 1 19
8 19 15
19 5
8 16
8 5
9 3
8
12 5
8 11 21 6
5
8 19 6
8 16
8 10 19
8 16 13
17 5
12
8 19 15
5
5
5
8 16 5
8
8 16 11
8
8 9 13 5
13 5
8
5
5
5
8 16
8 19 12
2 12
8 16 5
19 6
8 6
8 1 19 17
1 17
1 2 17
1 2 17
8 16 11
8 16 2 5
8 1 19
8 19 6
19 12 6
19
17 19 15
8 1 19 6
8 5
16 8
8 12
1 8 12 17 19
9 2 3 5
9 2 3 5
21 5
8 16 20
5
19 12 15
5
8 16 5
8 6
1 2 5
9 10 5
8 19 6
8 2
8 16 5
1 2 3 9 10 16
8 11 20
8 16
8 16 5
8 6
9 5
9 5
19 12
1 6
5
8 5
8 16 5
17 19 12
8 1 19
1 2 19 6
8 10 12 5
1 5
8
8 1 19
2
19 12
16 5
8 6 15
1 2 19 6
5
8 1 6
8 16 5
8
1 6 17
16 19 5 15
8 11
9 2 10 5
8 5
8 11 5
1 2 5 6 19
1 2 5 6
9 10 5
8 16 5
16 5
8
8 19
8 11 20
8 11 20
8 5 6
8 9 5
5
5
19 12
1 5 6 8 13
9 3 5
9 3 5
19 6
8 9 5
8 1 19 17
8 10 19 12
8 3
19 12
8 12
12
8 19 6 15
8 16 5
1 2
2 5 9 10 13
8 19 15
8 16 5
8 5
8 19 6
8 19 12 15
9 5
8 17 19
8 16 5
16 9 10 8
16 10 3
16 9 10 3
16 8 11
8 16
8 17 19 12
19 1 2 10
8
8 5
8 16 5
8 16 10
9 2 10
8 6
1 2 5 8 21
8 1 21 5
5 8 9 10 17
1 2 10
19 6 15
8 19 6
8 1 19
5
8 16 11
5
5
8 16 10 5
1 2 19
8 17
8 19 6 15
8 16
8 17
8
9 3 5
9 3 5
1 19 17
12
12 5
19 5 6 15
8 16 5
8
1 19 6
12 5
8 16
5
8 11
8 17 5
8 16 19 17
8 5
17 19
8 19
8 19
8
8 19 6
8 16
8 1 19
1 19
8 1 19 6
8 16 11
8 16 19 15
8 1 11 20
8 17 5 16
16 5
1 2 19
8 19 6
1 19 6
1 2 10
1 2 10
8
17 5 9
8 19 15
5 6 8 16 19
16 5
16 9 5 13
1 19 5 6
1 2 8 15 17 19
5
1 17
8 1 19 15
8 10 12
8 17 15
8 17 19
8
8 1 19 6
19 12
8
8
8 6
5
10 3 5
1 12 5
19
1 5 6
8 19
16 10 3 13
8
16 5
8 19 20 15
1 3 17
1 19 21 17
5
8 19 15
8 1 6
1 19 6
1 19 6
8 16 19
8 16 13
8 16
17 2 12
8
19 12 15
10 12 5
12
8
8 5
8 17 1 6
8 19 6
8 10 12 15 19
1 19 6
8 1 19
2 5
2 5
2 5
8 19 12
1 2 5 8 9 13 16
8 1 2
8 16 19
5 13
19 12
5
17 19 15
17 19 15
17 19 15
19 12
9 2 3 5
8 9 5 16
19 12
8 1 10
12 5
1 2
8
1 17
17 19 15
8 16 11 5
8 16 5
1 19
8 1 5 9
8 1 5 9
9 5
5
5
8 11
8 1 19 12
16 8 5
8 13 6
8 2 21
8 16
8 6
8 13 5
1 2 19
1 6 10 17 19
17 15
8 19 15
10 5
17 19 12
17 5
8 19 12
1 17 6
12
19 12
1 2 8 11 20
5
5
13 5
1 10 12
8 17 19 1
2 3 5 9 10
1 19 12
10
1 10 12 17 19
1 2 19
8 16
2
8 5
8 19 12 6
19 12 15
8 10 21
8 1 19 6
8
8 19 6
5 15
8
17 12
12
12 5
8 19 6
16 1 2 5
8 16 20
8 5
5
10 5
10 19 15
15
1 19
1 19 17
1 19 17
1 5 17
1 19 17
8 1 19 6
8 19 5 6
1 6 8 15 19
8 1 19 6
12 5
8 19 6 15
9 5
8 5
1 19 12 17
1 2 8 16 17 19
19 12 15
1 2 12 17
1
8 1 5 6
8 1 11 20
16 5
8 16 5
17 10 5
19 12 6
8 2 19
5
8 5
1 2 5 17
19 12
12
9 5
8
8 19
1 2 5 9 13
8 16
1 19 6
9 3
9 3 5
8
8 1 2 15
17 12 5
5
5
19 12 15
12
8 19 6
8 6
8 19 12
19 6 15
1 2 19 17
8 16
9 5
9 5
9 5
1 12 17
1 2 5 6 19
5
1 2 19
1 19
1 19
1 19
5
5
9 3
8 16 13
8 16
2 5
1 19 6
8 19 6
5 6
6 8 15 16 19
8 19
1 19 6
1 19 17
1 19 17
8 19 15
1 19 17
8
1 19 17
1 21
8 21
5
8
16 5
1 2 19
16 5
9 10 5
1 2 10 17
17 2
8 16 20
5
8 19 6
1 19 12
12 5
10 2 5
8
8 19 6
8 19 6 15
8 9
8 5 6
1 6
8 5
16 8 5
8 19 6
8 10 15
5
10 19 12
19 12 6
8 19 12
20 5
19
8 5
8
1 2 12 17 19
1 19 17
8 5 6
8 10 19
8 1 19 6
8 19 15
8 19 6 15
1 19
8 15
8 5 6
5
16 1 19 5
8 11 20
16 12
19 12
12 5
1 8 10 12 20
8
19 12
1 5 6
1 3
10 1 2 3
8 1 2
9 3
8 1
1 8 10 12 17 19
8
10
2 3 5
8 17 19 12
8
17 5
1 17
19 12 15
5
16 8
8 1 19 6
1 10 19 6
1
8 5
9 10 5
8 1 6
8 6
8 16 13 5
1 5
5
21
2 3 5 9 10
5
8 5
1 19 12 15
5
5
5
9 3
1 2 17
1 2 10 17
1 19 5
19
8 19
1 5 12 15 17 19
1 19 15
9 2 17
8
19 6 15
5
8 1 2 6
8
1 6 15
8 11 5
5
5
8 11 5
19 12
8 19 6 15
1 17
5
8 16 10
8 9 2
1 19 12 5
1 19 6
5
1
8 6
16 9 10 5
8 1 6
8 1 6
8 11
8 16 11
8 16 5
9 10 5
8 19
11 5
8 17 19 1
8 2
19
8 16 10 2
19 12
8 16 5
8 11 20
8 11 20
8 5
8 1
16 5
16 9 10 5
9 5
1 10 12 15
8 19 6
17 2 1
8 16
19 15
20
8 17
8 1 19
8 19
8 16 5
1 19 6
8 10
5
16 8 15
5
10 9 2 3
8 16 17
1 19 17
1 10 2 9
1 19
8 1 19 15
8 17 10 12
8
8 9 3 5
8 6
17 1
2 3 5 9 17
1 17
1 19
8 1
16 19
8 17 16
17 19
5
9 10 5
17 12 15
8 16 5
8 2
1 19
16 1 2 5
5
8
16 5 13
8 5
5
10 12 5
8 11 13
1 5 17
8 17
19 15
10 2
12
8 1 2 19
1 19 12 17
1 19 6
8 1 2
10 19 12
19 12 15
5
8 11
2 9 10 16 17
8 19 6
8 17 12
5
17 12
8
8 19 20
8
6 8 12 15 19
1 19 6 17
8 19 6 15
5
8 17
5
8 19
2 8 10 16 19
8 1 16
8 19 6
8 16 5 13
16 5
3
17 10 3 5
17 3 5
3 5
2 5
8 10 15
9 10 3 13
9 10 3 13
19 1 2 10
1 2 10
1 2 17
17 10 3
17 2
8 16 2 21
8 16
16 8
8 19 6
8 1 19 6
1 19 6
1 19 6
8 19 5
5
8 1 19 6
8 16 19 12
16 5
5
8
8 16 19
8 2 5
5
8 1
1 12 5
8 1 6
16 19 6
8
17 10 3 9
8 5
8 16 5
8 16 13
16 8 12 5
8 10
8 16
16 5
8 16 19
8
1 2 6 8 19
8 5 6
12
12 15
12 15
12 15
1 2 3 10 17 19
8 1 19
8 1 5 6
9 3
8
9 3
8
8 19 12 15
8 1 19 6
5
17 2 19 1
1 8 10 12 19
19
8 6
1 2 19 20
8 9 5 16
8 1 2 16
8
8 1 19
1
5
8 1 2
5
8
8 11 20
17
8 16 13
8 17 19 12
8 19 6
5 6 15
5 6 15
8
9 2 17
8 1 2 19
8 19 15
16 8
8 5
9 5 17
9 2 3 5
16 5
1 2 8 11 16 20
5 6 15
16 8 5 6
8 19 6
5
8 16 5
8 9 13 16
21
9 3 5
1 2 19
17
8
5
2 8 10 16 17
16 8 5
8 16 5
8 21
1 19 17
1 6
16 8 5
8 5 6
5
8 16 5
8 19
19
19 12
8 19 6
8 5
8 5 15
1 2 10 17
8 17 12 16
9 3 5
1 6 8 15 19
8
8 12
17 12 5
9 10 5
8 1 5
5
19 12 5
9 3 5
8 16
8 1 11 19
9 2
2
8 6
16 8
5
5
5
16 5
5
8 19 6 15
16 17 15
8 17 19 6
8 16
8 5
8
12
19 12
19 12
19 12
19 12 15
19 12
19 12
19 12
8 5
19 12
16 5
8 16 5
8 16 5
12 5
1 19 12 6
1 19 12 6
19 12 15
8 16 20
1 19 6
1 2 19
8 3
8 1 19 12
8
19
9 2 3
8
8
5
5
8 20
5
5
16 5 13
19 12 6
8 5
1
5
8 1 20
17 3 5
17 3 5
3 5
17 10 3 5
1 2 5 9 10
9 5 17
8 2 11 20
1 12 21
5 6
8 11
1 19 17
8 11
8 11 6
8 1 19 6
8 16 5
9 3 5
9 3 5
16 17 19 15
8 9 5
8 11
16 5
16 9 2 5
8 16 5
9 3
5
8 1 19 6
5
5
8 5 15
8 13
19 12 5 15
8
19 5 6
1 19 5
8 1 19 6
1 6
8 10 15 16 19
8 1 6
1 3 17
8 17 3
1 10 19 12
1 10 19
19 12 15
16 10 5
8 5
1 10
1 5 9 10 17
16 10 5
1 12 17
8 16
8 1 21
8
8 16 19
8 12
8
5
8 16
19 12
8 1 2
8 6 15
20
8
9 3
19 5 6
8
8
8 5
8 13 5
8
1 2 10
8 17 19 12
17 19 1
8 16 5
1 2 19
1 2 19
8 6
8 19
8 6 15
8 19 15
1 19 6
8 16 20
8 16 5
5
8 1 19
8 16 5
8 20 5
1 19 6
8
8 6
8 19 12
5
2 12 5
8
8 19 15
19 12
17 19 12 5
16 8
8
8 11 20
19 15
8 5
5
19 12
12
8 3 20
8 17 19
16
5 8 9 13 16
13
8 16
1 2 19 17
1 2 3 17
19 12 6
8 6
8 1 2 19
8 16 5
10 12 5
10 12 5
8 1 2 6
1 5
1 19 12
16 1 19 5
16 8 10 5
5
5
5
16 9 5
1 2 17
16 5
8 16 5
5
8
8 9
8 1 19 6
8 11 20
8 13 5 15
8 13 11 5
5 8 9 13 16
5 6
8
5
12
19 12
19 12
19 12
12
17 12 15
19 12
19 12
8 1 20
8
1 2 11
1 10
21
1 2 19
8 5
5 8 9 13 16
8 19 12 6
8 19 6
12
1 10 12
8 5
16 5
3 5
9 3 5
5
8 5
8 1 11
1 19 6
8 19
8 19
19
1 2 19 6
1 19
16 5
1 2 17
2 5
2 5
8 16 5
9 10 5
8 1 19 6
9 2 10
9 2 10
2 10
9 2 10
9 2 10
9 2 10 15
9 2 10
9 2 10
8 1 19 6
8 20
8 5
12 5
12
19 12 15
2 3 5 9 10
1 19
8
8 19 12 5
8 5
19 6
8 16
8 1 20 5
16 5
16 5 6
8 15
8 1 19 6
8 5
8
8 10
17 3
8 2 5
1 19 6
8 21 6
19 12
1 10 17
17 2 10
8 16 5
12
17 19 12
19 12 20
8 19 12 6
5 6
16 17 8
2 5 9 10 16
1 2
1 5
8 10
8 1 2 11
16 8 5
8
8 5
2 21
19 12
8 11
19 12 15
8 19 6 15
8 19 6 15
8 16 13 5
21
21
8 9 13 5
8 9 13 5
5 8 9 13 16
8 16 13
19 12 15
8 1 17
1 2 10
1 10 17
8
8 16 11
8 16 5
5
16 1 5
8 16 5
8
8 1 19 6
1 19 6
1 19 5
9 10 5
8 9 2 5
1 19 17
5
8 5
1 2 19 5
8 19 6
8 5
8 10
3 5 9 10 17
9 5
9 2 5 6
9 5
9 5 6
9 3
8 5
1 19
8 9 2 5
13
9 2 5 17
9 2 5 17
1 2 5 9 17
12
9 3 5
9 2 10 5
8 9
3
8 16 5
8 10 19 12
5 6
5
6 8 12 15 19
2 3 5 9 10
8 19 6 15
12
12
12
1 5 6
1 5 6
1 5
1 20 5
1 20 5
17 2 5
5
8 13
9 5
8 11 20
9 10 3 5
9 3 5
2 5
8 19
12 5
19 12
12
8 1 2 16
8
12
19 12 15
19 12 5
16 5
8 16 5
5
8 1 19 20
9 10 5
16 5
16 5
16 8 5
16 5
16 5 6
3 9 10 2
1 2 3 5 9 10
17 10 5
12
2 10 3
1 2 5
8 9 2
1 17
8
8 11
8 2 5
8 5
19 12
8
16 5
1 8 12 17 19
1 2 19 17
8
8 1 19 6
5
8
5
19 12
16 5
16 5
8
5
19 12 15
16 5
5
8 16 5
16 5
8 17
1 17
19 12
19 12
19 12 6
19 12
1 2 19 5
19 12 15
8 16
1 19 6 17
9 2 3 5
9 3
9 2 3 5
9 2 3 5
9 2 3 5
9 2 3 5
5
1 12 5 6
8
19 15
5 6
17 2 5
19 12 5
8
8 16 10
9 10 3 5
8
8
5
5
8 16 5
8 19 6 15
5
8 9 10 5
5
8 1 17
8 1 10
8 19 6
1 19 17
16 5
8
8 5 6
8 16 5
8 16 5
1 19 5 6
1 19 6
8 19 6 15
1 2 8 11 19
8 19 6 15
8 19 5 15
1 6 8 15 19
5
8 16
19 12 15
8
8 1 2 10
8 16
6 8 11 15 19
1 19 17
8 16 17
8 20 15
1 2 15 17 19
19 1 3 17
8
1 2 17
1 2 17
1 2
1 2
1 2
1 6 8 15 19
8 1 19 6
19
8 5
8 1 19 20
5 6 8 15 16
9 2 10
8 19 12 15
1 5 17
12
8 13
8 19 6
9 3 5
19 12
19 12
8 19 12
19 6 15
1 2 5 9
8 19 15
8 5
17 2 19
2 5 8 10 15
8 17 2
16 12
1 2 19 6
8 17
1 19
8 2
10 13 5
16 5 6
8 19 12
17 19 12 15
8 11
8
8 1 11
8 1 11
8 1 11
8 1
1 2 17
1 2 17
1 2 17
1 5 17
16 1 2 11
8 15
8 19 6 15
5
8 16 5
19 12
16 5
16 9 5
8
5
16 10 5
1 2 5 6
8 9 10
16 5
8 5
8
8 17 5
5
2 3 8 10 16
8 9 10 5
8 19 6
1 6 8 15 19
8 1 19
1 10 9
9 2 3
5
8
8 1 19 6
8 12 15
9 2 3
8 16
8 1 21
8
8 20
9 2 10
1 19
19 12
17 12
2 19 12
19 12
12
5
8 1 5 6
19 12
19 12
8 5
8 2 10 13
12 5
8 5
8 1 21
8 16 5
8 13
16 5
12
19 12
8 11 13
8 11 19
1 2 3 5 9 10 17
9 5
8 11
8
2 5 8 15 16
16 17 10 5
1 2 17
12 5
8 19 6
5
1 19
1 19 6
1 2 5
1 2 5 6 19
1 2 8 17 19
5
8 19 20
1 8 10 19 21
9 3 13
1 2 17
1 2 5 9 17
1 10 2 5
8 5
8 19 15
8 11 13 16 20
12
17
8 11
8 1 19 6
8 16
19 12
16 8
8 16
9 2 10
17 2 10
9 5
16 17 5
8 16 5
17 10 2 1
17 2
1 2 19 17
1 2 19 17
8 16 5
8 1 19 15
16 5
16 5
16 10 5
5
5 8 9 10 16
17 10 5
8 16 5
1 2 3
19 1 3
1 10 3
1 2 3 10 17
1 2 3 17
17 2 3 1
3
8 19 11
1 2 5 6
8 17
17 5 15
8 1 11 20
8 5
19 6
2 5 6
16 17 10 5
1 5
5
5
1 5
8 9 16
2 20 5
8
8 19 6
1 6
1 2 6
1 19
16 9 5
8 6
8 10 2 3
1 12 17
19 12 6
19 5
8 19 6 15
8 16 19
19 5 6
1 2 19
8 19
17 12 5
16 1 19 5
1 19
19 6
8 1 19 6
8 5
5
2 11 20
1 2 8 12 17
8 5
19 6
1 2 5
1 2 8 11 20
5
1 2 3 8 10 17
1 2 5 6
8
3 9 10 2
1 5 6 15
1 19 6
8 19 6 15
9 3
1 5
16 8
2 10 12 5
8 19 12
16 8 5
5 6
1 2 8 15 17 19
5
2 11
10 12 5
19 12
9 3 5
1 10 2
10 9 2 3
8
1 10 5 6
1 19 6
9 3
9 3
1 2 3 5 9
1 10 5 17
1 5
8 13
8 5
1 19
8
16 17
8 16 13 5
5
9 10 3 5
8
5
16 8 13
5
8
16 5
9 2 10
8 11
8 1 19
9 3
3
8 10 19 15
2 10
8 16 2 13
16 5
1 5 12 17 19
8 19 6
8 11 20
12
17 2 5
19 1 2 10
19 1 2 10
1 2 19
16 8 5
16 8 5
1 2 5 9 10
8 2 5
1 2
8 1 19 6
8 16
19 12
8 16
5
6 8 15 16 19
8 16
3 5 9 10 13 16
8 19 6
8 6
8 2 11 20
16 1 19 5
8 19 6
1 5 17
5
5
8 19 6
16 5
16 8 5
8 19 5 6
8 16
1 19 17
5
5
2 10
10 9 2 3
8 16 20 21
12
8 5
9 2 10 5
8 19 6
8 11
19 12 5
8 16 11 6
5
5
5
12 5
8 12 15
8 12
12
1 2 5 6 19
1 2 5 6 19
1 2 5 6 19
1 2 5 6 8 19
5
8 1 2 20
8 16 5
1 2 12 17 19
5
8 5
1 2 19
9 5
5
8
16 12 5
8
16 8 5
8 5
5
5 6
8 1 2
8 16 5
16 5
19 20
1 10 12 17 19
17 3 9
19 12
8 16
8
8 19
9 3
9 3 5
8 6
17 19 15
8 20
8
1 19
8 1 2 11
8 1 21 5
16 8 5
8 20 5
16 8
16 5
8 9 2 5
5 6
5
8 5
5
16 10 5
13 12 5
8 5
8 16
1 2 19
8 6
1 19
5 6
1 2 6 8 19
8 19
1 19 17
8 1 17
16 1 2 17
8 16 5
5
8 16
5
8 6
1 19 6
8 1 19 20
5
16 5
16 9 5
16 5
9 3 5
1 19 17
8 2 19
8 19 6
8
8 19 20
8
8 16 5 9
8 16
8 19 15
9 2 17
8
10 19
8 16
8 16 5
8 13
8 16 5
16 8 5
11 5
8 16 20
16 5
8 16
16 5
16 5
8 16 5
16 5
8 16
9 5
16 9
8
8 16
21 2 5
8 19 6 15
1 17
2 3 5
8 1 19 16
8 1 19 6
8 11 20
1 2 5
1 19 5
1 19 6
1 19 6
1 2 19 17
1 2 19 17
8 1 2 17
1 2 19 17
1 5 6
9 3
9 3
9 3
16 5
12
8 16 5
8 16 5
8 5
8 13 5
8
1 19 6
8 16 5
5
9 5
8 11
1 2 9 10 16
8
8 6
16 5
12
16 5
1 6
1 2 10 17
8 1
1 5
8 16 19 5
1 19 6
8 1 19 6
8 16 5
16 5
8
8 11
8 16 5
5 15
8 19 6 15
19 12 6
19 12 6 15
21 5
16 10 5
8
19
1 19 6
8 19
8 19 6
8 11
9 5
9 5
8 19 6 15
17 10 5
9 2 3
19 15
8 19
8 19 12
1 2 10 17
1 5 8 10 19
17 10 1
17 2 10 1
8 3 5
9 13 10 5
8 20 5
2
1 5 6
1 2 10 17 19
8 16 19 6
8 19 5 6
8 16 5
9 10 5
1 2 5 8 21
8 9 2
20 5
1
1 2 17
8 1 12 17
1 2 19
8 16 19 12
1
8
8 5
8 16 5
8 16
5
5
5
5
8 5
8 6
1 19 6
2
16 20 5
17 2 5 9
8 10 15
16 5
16 5
9 3 5
5
1 3 5 9 17
8 17
8 16 5
19 15
8 16 11
1 5 8 10 17 19
8 19 6
8 1 20
1 2 5 17
1 5 17
1 2 5 17
8
5
8 5
8 1 6
8 1 19 6
8 16 5
8 1 19 6
8 1 19 6
8
1 2 5 6 19
8 17
1 2 19 6
8 10 5
8 6 15
8 19
16 5 6
9 2 3 5
9 3
1 5 6
8
8 6
16 10 5
8 19 6 15
2 5 6
8 17 2
16 5
1 2 10 9
1 2 9 10 17
16 5
9 3
8 11
8 19 6
8
8
10 19 12
19 6 15
8 19
9 2 3 5
9 3 5
9 3 5
9 3
9 3 5
1 19 17 15
9 2 3
8 11
8 9 10
8
8 11
2 5 8 9 10 17
2 8 9 10 17
19 12 15
19 12 15
8 19
19 12
1 5 6
1 5
8 10 2
8 9 16
8 19
8 16 5
1 2 19 20
1 2 19
1 2 19
1 2 19
1 2 19
1 2 19
17
8 19 6
8
5
2 3 5 9 10
8 5
1 19
8
5
8 16
19
1 5 6
8
11
8 6
9 10 3 5
5
8 17 19
8 16
8 17 19
9 3
9 2 3 17
16 2 5
2 10 5
8 10
8 17
8
1 2 19 17
8 16 5
8 16 5
1 6 10 13 17 19
17 19
8 16 5
1 10
1 10 17
2 5
8 19 6 15
8 5
16 8 13
9 5
5
5
8
9 2 3
9 3 5 1
8 19 15
17 10 5
8 1 11 19
9 2 5 6
1 6 8 15 19
19 5 6 15
8 19 6
8 6
8 19 15
16 13 5
16 5
8
1 2 12 17
5
16 5
8 16 5
5
12 15
8 16
16 5
8 5
8 9 13 16
8 16
8 9 5
8 9 5 16
8 16
8
12 5
8 16
21 5
9 10 3
16 8 5
8 16
8 16 5
8
8 19 12 15
17 5
1 5 6 8 10 17
8
8
1 2 5 10 17
8 16 5
8 19 6 15
9 5
8 10 19
1 2 6 9 15 19
9 10 5
10 5
8 16 5
5
8 1 19 6
5
16 2 5
5
16 2 5
16 5
1 19 5 6
1 2 19 15
1 2 19 15
8 19 6
1 2 3 10 17
8 19 12
8 2
8 1 2 11
8 1 19 6
8 1 19 12
5
5
8 19
2 19 6
8
5
8 1
8 1
16 8 5
8 16 17
1 2 19
8 19 6
10 19 12 15
8 1 19 6
19
16 5
8 16 5
5
1 19 17
5
9 5
8 16 13 5
8 19 6
1 2 5 9 10
1 2 5 9 10
9 2 10 5
8 19
1 5 12 17 19
17 12 5
12
8 5
16 19 15
1 10 19
8 1 10 12
8 19 6
8 16
9 2 10 5
8 16 13
8 16
9 10 5
5
8 19 6
8 16 17
1 19 6
1 10 3
8 11
8 19 6
1 19
19 6
19 12
5
16 5
1 6 8 15 16 19
8 2
8 19
1 19 15
5
9 2 3 5
19 15
8
2
10 12
8 12
5
8 19
5
1 2 5
8 13
5
8 16
19 6
1 2 5 6 15 19
8
8 1 2 19
19 12
19 5 6
16 17 10 5
1 2 5
1 2 17 15
8 5 6
8 19
16 5
19 6
19 6
19 6
8 9
1 2 19
12
19 15
8
5
5 6
9 5
5
8 1 19 15
9 3 5
8 9 6
1 19
8 19 12
1 19
1 17
1 2 19
1 5 6
8 2
8 6
8 16 13
8 6
1
1 21
8
8 13 5
8 16
8 19
16 5
8
1 5 6 16 19
19 12
9 2 3 5
9 3
19 12 15
8 16 5
1 2 19
1 19
8 19 6
8 16
19 12 15
21
9 2 3
9 2 3 5
8 19
8 19 12
1 19 6
8 19
8 5
8
5
8 16 19 15
19 12 15
1 19 5 9
1 2 3 5 9
1 2 5 6
1 2 5 6
12
19 12
8 5
8 5
19
1 19 6
8
16 5 6
8 19 6
8 19 15
8 19 6
8 1 19 17
1
17
1 10 17
16 10 5
9 3 5
8 1
16 5
9 10 2
19 12
1 2 17
9 5
1 19 6
16 21
8
9 2 10
1 12 15 17 19
8 19 6
8 10 20
8 5 6
8 16 15
16 9 3
8 6
17 1
8 19
8 6 15
12 15
19 12
12
12
19 12
19 12
5
8 9 5
8 16
8
1 6
8 19 11 15
2 3 5 9 10
1 2 19
8 16 19 15
8 19 6 15
8 5
8 16 5
1
19 12 6
8 20
8 1 19 6
8 19 11
8 11 20
17 2 5
1 2 5 9
1 2 5 9
5 6
8
8 16
19 12
8 1 19 6
1 2 15 17 19
16 11 20
2 5
19 12
8 16 10 5
8
16 10 5
9 2 3 5
8
9 2 10
9 2 10
19 3
8 17 16
8 19 6
8 19 6 15
8 5
8 10 6
8 3
8
19 12
8 12
12
9 2 10
9 2 10
17 12
19
17 19 12
19 12
8 16 10 17
8 15
8
9 3 5
8
8 19
8 19 15
8 19 15
16 5
8 19
1 5
5
13
9 10 5
9 3
12
12 5
19 12 5
8
1 2 10
1 2 10
1 2 10
1 2 10
17 19 1
16 13 5
13 5
1 5 17
8 17 5
17 12
9 2 3 5
9 2 3 5
8 5
2 3 5 9 17
1 3 17
17 2 19 1
1 19 12
8 1 5 6
8 1 20
8 16 19 6
16 5
16 5
5
8 10 5
8 9 2 3
16 9 2 3
1 19 6
1 19 6
8 19 6
1 2 3 9 10
3
2 3 9 10 17
5 6
1 5 6
1 5 6
1 5 6
1 5 6
5 6
1 5 6
1 19 5 6
1 19 5 6
1 2 5 6 8 19
8
8 16
19 12
19 12
19 12
9 3
1 2 8 11 16
17 12 15
9 3
1 2 5 9 13
13 5
5
2 3 5
5
8 1 2 19
8 12
5
8 17 10 19
1 2 17
8 10 5
8
17 2 19 1
17 19 1
1 2 19 17
17 19
5
1 19 6
8 10 15
9 3
8 19 6 15
16 5
8 16 5
8 5
8 16
8 19 6
16 19 12 5
1 10 12 17 19
8 19 6 15
8 5
8 16 5
8 17 19
8 5
12
16 1 2 10
3 2 10
8 9 5
8 1 19
8 19 6
8 5
5
5
17 19
5 6
5
12 6
17 2 15
8
8 15
1 2 8 16 19
19 12 15
19 12 15
8 11 6
19 6
19 12
8 16 5
8 15
1 6
1
8 1 19 6
8 5
1 2 3 9 10
9 3
1 2 19 6
17 19 12
17 12 15
8 16 5
8 10 12
3 8 9 10 16
1 2 8 16 21
8
8 11
5
8
8 16 5
16 5
8 1
1 2 9 10 17 19
8
5
5
8
8 5
8 9 5
1 19 6
8
1 2
8
8
8 16 13
5 6
8 16 5
1 19
1 2 8 19 20
1 2 19 20
9 5
8 1 19 6
8 1 19 6
8 1 11
8
2 3 5 9 21
1 19
1 10 17
8 6 15
2 5
9 10 3 5
1 2 3 5 9 17
21 19 12 5
1 19 6
8 13
17 12 5
16 5
8 1 17
8
19 15
19 6
8 16 19 15
8
19 12
19 12
12
1 2 5 6 19
1 19 5 6
8 1 2
1 5 8 11 19
1 19 20 17
19 12 6
19 12
1 5 6
19
1 19 17
19
1 2 10
1 19 12
1 2 8 11 20
1 19
1 19 5 6
8
19 12 15
1 10 19 17
8
19
8 19
8 16
16 8
8
8 19
8 16 13 5
8 17 5
1 19 17 6
8 19 12
8
8 2 20
19 6
1 12 17
1 2 12 17
1 12 17
3
1 3 12 17
1 12 17
1 12 17
8 16
19
1 2 17
3 9 2 10
17 2 10 9
19
8 16 2
5
1 5 6 9 19
8 16
8 19 6 15
9 5
8 13 5
17 19 1
1 5
1 5
8 16 5
1 2 6 8 19
9 3
12
19 12
9 2 3 5
9 2 3 5
8 16 21
9 10 3
8 1 19 17
8 1 2 15
8 1 19
16 5
1 19
8 19 6
2 5
2
1
5
8 1 2 16
1 17
1 2 6 17 19
1 2 6 17 19
8 17 5 6
17 2 1
9 3 5 17
8 16 13 5
8 5 13
13 20 5
1 19 6
8
8
8
8
8
8
1 19 12
8 1 20 17
5
1 2 17
16 5
16 1 2 5
8 16 5
8 16
8 16
1 19 6
8 1 19
5
1 2 19 6
8 19
8 16
5
8 19 6 15
8 12 15
8
8 6
16 5
5
5 8 10 12 15
5 6
17 10 2 9
16 8 10 5
8 5 13
9 3
8
1 2 8 11 20
1 2 6 8 16
1 19 5 6
1 6 8 15 19
16 5
8 1 19
16 5
8 19
1 19
8 19 6
8 1 19 6
8 1 11
8 1 2
8 1 2
8 1
1 19 5 6
1 19 5 6
1 19 5 6
8 5
8 16 5
8 16
9 2 5
8 17 5
8 1 19 6
16 5
1 19 6
16
1 19 6 15
16 17 5 8
1 2 5 8 15
1 10 3
8
19 12 15
8
1 19 6 15
8 5
8 1 19
1 19
8 1 5
5
9 10 2 17
8 20
8 13
10 2 3 5
8 19 6
8 9 13 16
8 5
5 6
8 11 20
16 5 6
12 6 15
12
19 12 6
19 12 6
12 6
19 12 6
12 15
17 19 12
8 1 19 6
5
5
5
5
5
8
8 11 20
8 16 5
13 5
8
2 5 15
10 2 5 15
5 15
12 5
12 6 15
12 15
12 15
12 15
17 12
8 10 5
19 6 15
8 6 15
8 11
8 1 19 6
1 2 10
8 9 5
8 6 15
2 9 10 3
19 15
8 16 5
8
19 12
5 6
8 12 5
8 16 5 17
8 1 19
17 19 15
8 11
5
8 16
8 21
8
16 5
17 2 19 1
5
19 5 6
5
8 11 6
12 15
8 1 19 6
8 21 13 5
8
19 5 6
8 1
8 2 11 20
2 10
19 12 5
8 16
8 16 5
8 16 5
16 2 5
8
16 5
5
8 19 6
8 19 6
8 12
1 2 19 6
11
8 16 5
19 6
16 5
8
8 21
1 2 21 5
1 2 21 5
1 5
19 12
1 3 5 9
12
17 19 12
17 12
8 11
12 5
9 2 3 5
19 12 15
1 2 5 6 8 15 19
1 2 6 15
8 6 15
16 5
5
16 5
8 9 5 16
8
17 12
1 19 5 6
1 6 8 15 19
9 5 17
8 9 5 17
8 5
8
16 8 5
16 8 5
8
1 5
2 3 5 9 10
2 3 5 9 10
2 3 5 9 10
2 3 5 9 10
2 3 5 9 10
8 19
19 12 15
8 19 15
8 6
1 6 8 15 19
8 16 13
8 19 6
8 16 5
2 5 6
8 17 19 15
8 11
12 15
19 12 15
12 15
8 17 2
12
8 16 5
8 1 21 6
1 19 6
19 6
8 1 19 6
9 2 3
3 5 8 9 13
16 8 13
16 13 5
19
8 16 13 5
19 12 15
12
5 13
5 13
5
16 1 2 5
16 5
1 5
1 2 15 17 19
9 2 5
1 2 19
17
8 5
19
12
16 17 5
8 19 6
8 16
5
19 6
8 16 5
9 5
8 10 19 15
8 19
8 16 10 5
8
17 12 5
8 19
16 19 21
8 16
2 3 5 9 10
1 2 5 10 17
1 5 6
8 5
12
8 5
1 2 5
1 19 5 6
6 15
1 19 12 6
19 6
1 2 5 6 8 15 19
8 1 19
8 19
9 2 5
8 2 10
9 10 3
8 19
8 1 17
8 19 12 6
16 5 6
1
8 6 15
8 17 16 15
1 20 17
5
1 2 10 17
5
8 16
16 5
8 16 5
8 16 5
8
8 1 19 6
1 2 3
5
8 19 20
9 10 2 5
9 10 3
8 16
1 2 19
19 12 15
5
8 5
16 5
8 1
8 17 15
17 19 15
13 3 5
17 10 19 12
1 2 5 8 17 19
8 1
17 19 15
1 2 19
3 5 8 9 10
17 3
17 5
5
16 5
16 5
8 1 11
1 2 10 12 17 19
8
5
8 1 20
17 12 1
17 12 1
1 19 17
1 2 6
1 2 19 6
1 2 19
1 9 17
8 19 15
17
2 5 8 10 13
8 19 15
1 10
1 2 10
1 10 2
2 5
2 3 5 9 21
3 9 10 2
16 10 5
17 19
19 12
19 12
1 19
8 11 19
5
16 17 12
8 6
8 5 6
1 5 6
1 19 6
1 5
1 2 5 9
1 2 5 9
1 2 5 9 17
9 5 1
2 21
1 8 12 17 19
8 20 5
8 17 19
8 6
9 10 3
1 19 5
8
17 2 1
1 2 19 17
17 2 19 1
17 2 19 1
1 2 8 17 19
17 2 19 1
17 2 19 1
1 2 17
17 2
17 2 19 1
17 2 15
17 2 19 1
17 2 19 1
1 2 17
1 2 17
1 2 17
17 2 1
1 2 3 10 17 19
1 2 10 17
5
16 9 2 10
17 2
17 2
1 2 8 16 17
8
12
1 2 19 17
1 2 12 17
17 2 1
1 3 17
5 6
16 5
8 16 5
1
8 19 15
19 12
1
8 16 5
5
8 16 13 6
8 16 13
8 16
16 8 13
8 16 13
8 19 12 15
8 16
8 11
8 5
19 12
8
5
19 12 15
9 3 5
8 19 12
8 1 19 6
8
19
1 5
9 3 5
1 2 9
8 13
8 17 19 6
9 10 3 13
8 16 10 5
8 5
19 6
19
1 2 19
1 2 19 17
8 1 19 6
1 19 13
1 19 5
1 19 6 15
1 5
8 19 6
10
9 2 3 5
8 5
5
8 16 5
8 19 6
1 10 19
1 2 19
1 19 6
8 19 12
1 10 6 17
8 16 20
8 16 2 5
8 11
8 16 19 6
3
8 16
8 16
17 19
8 5
8 1 5
17 19 15
5 6 15
5
5
1 2 10 17
1 5 17
1 2 10 17
1 3 17
1 2 10 17
1 2 5 10 17
1 2 17
1 2 10 17
1 2 3
1 2 3
1 2 3
9 3 5
1 19 17
19
16 5
1 19 6
19 15
12
8 12 13
8 5
16 5
8 16
8
19 6
16 5
2 5 8 10 16
1 19 6
5
8 19
8
8 19
8 5
8 6
8
9 2 3 5
1 2 8 11 20
8 16 5
8 19
13
5 6
8 5
1 19 6
8 1 19 6
1
8 1 19 6
8 1 19 15
8 5 13
16 10 12
3 17 2 10
12
8 16
5
8 16 5
16 5
5
8 5
9 3
1 3 5 9
1 2 5
1 10 5 17
1 2 3 9
9 2 3
1 19 5 6
1 5 6
1 5
1 5
8 6
1 2 3 5 13
8 1 20
10 5
5
9 13
16 10 5
1 2 5 10 17
1 2 5 9 17
1 2 5 9 10 17
1 10 2 5
12 5
1 6 8 17 19
8 19 6 15
13 5
1 2 6 16 19
1 19 17
1 19 17
17 2 19 1
8 1 19 17
8 5
8 11 20
17 12
19 12
8 19 6 15
8 5
8 5
16 5
8 5
5
5
8 2 5
1 2 10
8 11
1 19 15
16 5
8
1 19 5 6
17 2
1 19 17 15
1 2 5 6 19
12
19 6
1 2 19 17
16 5
1 19 5
8 19 6
8
9 10 5
16 10 19
1 2 10 5
1 5 17
8 5
8 1 2 16
9 2 17
1 2 3 9 15
16 2 20
8 16 10
8 16
8 1 19 6
11 20 21
1 2 10
1 2 10
8 19 6
8 16 5
8 19 12
17 19
8 5
8 5
1 3 5 9
1 5
17 3
1 19 17
2 3 5 9 10
8 16 5
19 12
9 2 3 5
1 19 17 15
8 16
5 6
1 2 19
8 16 5
8 1 11
8 1 21
8 17 2 5
8 17 19
12
12 15
19
8
19 12
1 6 8 11 19
8 19 12
16 5
8 6
9 5
8 19 6
8 19 6
8 6
8 11 20
17 19 12
1 5 6
8 16 2 19
8
8
5
8
8 5
5
8 16
8 16 6 15
8 16 11
12
9 2 10
8 16 2
1
8 5
1 2 19 5
5 6
8 5
8 19 6 15
5
5
5
12
8 16 11 20
3
8
9 2 17 1
12 15
8 13 5
8
8 6
17 12
16 8 2
16 3
1 5 13 6
8 5
19 15
1 8 13 16 19
8 19 6 15
1 19 17
2 3 5 9 10 16
8
1 19 6
1 19 6
1 2 5 9 10
5
8 1 11
1
8 1 19 15
1 19
8 1 19
8 1 19 15
17 19
9 10 3 5
19 12 15
3 1 10 2
8 20
19
8 17 19 12
10 5
10 19 5
5
8 19 6
16 5
8 5
5
8 11 20
8 16
8
8 5
17 19 12
8 16 2 5
1 2 5 10 19
8 5
19 12 5
8 16
8
17 19
8 17 19
8 17 19 6
19 12
8 19 5
19
5
19 12 15
5
19
9 10 5
2 3 8 9 10
1 2 19 12
8
17 19 12
5
19 12
8 19 6
19 12 15
8 19
8 16
8
9 2 10
9 2 10
9 2 10
1 17
19 1 3 17
8
8 16 5 9
17 10 2
8 19 11 6
8
8 19 6 15
8 10 5
1 19
19 12
19 12
1 12 17
8
8
8 13 5
8
8 19
8 5
1 19
8 17 3
19 12
12
1 19 6
8 11 6
8 19 15
8 1 19 6
8 6 15
8 6
1 2 19 17
8 19 6
8 1 2 19
8 20
1 2 10 12 17 19
8 10 19 12
19 6 15
2 3 5 9 10
1 10 19
1 10 19
8 11
16 8 19 6
8 10 15 16 19
5 6 15 16 19
9 2 3 5
19 15
8
8
8 2 5
10
8 1 19 6
8 1 19 6
8 11
1 19 12 17
19 12
1 2 19 17
1 19
8 17 19
1 19 6
17 19 12
8 1 19 6
8 19
8 20
19 12
8 19 6
8 5
2 12
2 19 12
19 12
8 16 5
8 19 12 15
8 10 12 17 19
1 6 8 19 20
8 19 6
8 12 6
8 16
5
8 5
5
1 2 20
8 19 6
8
5
17
8
1 2 5
8 13
1 6 8 15 19
8 19
8 16 5
8 16
8
8 6
8 16 11
16 5
8
1 2 5
19 15
8 2
8 19
8 1 2 19
8 5
8 11
2 3 5 9 10
1 2 17
8
1 19 6
8 16 20
8 5
19 12 15
1 19 6
8 16 5
12
8 19 12 6
8 19 12
19 12 15
1 19
1 2 19
1 2 19
8 19
8 10 5
1 10 2 15
8 19 12
19 6 15
17 12 15
8 2 10
1 5 6
8 16 10 5
8 16 5
8 19 15
1 19 6
8 1 19 6
16 8
12 5
1 2 10 17 19
8 19
8
1 17
8 17 19 15
12 15
12 5
8 1 11 19
8 19 15
8
8 16 5
5
8 5
5
9 10 5
16 17 5 9
8 11 20
8 17 12
17 19 12
19 12
1 2 10
19 12
8 19 6
6 8 12 15 17 19
8 11
8 17 2 16
8 16 2 20
17 19
8 9 2 3
1 19 6
12 5
19 6
1 2 6 15 19
5
8 5
19 12
8 19 6
8 19 15
9 5
8 16 3
10 12
8 1 19 6
1 2 5 8 20 21
8 19 6 15
1 19 6
2
19 15
8 19 12 15
5
5
8 16 19
1 19 6 15
8 17 10 3
1 6 8 15 19
8 19 12
8 19 6 15
8 17
8 19
1 2 6 8 19
8 6
8 6
8 1 19 6
1 5
8 9 2 5
1 2 5
2 10
9 2 3
8 16 5
8
8 11 19
8 19 12
21
1 2 21 5
9 2 5
8 16 5
8 5
5
8 1 11
8
8 5
8
5
2 8 11 19 20
8 16
3
1 11 20
1 2 21
19 1 2 10
8 9
1 5 6
19 12
8 10 6
8 1 19
8 6
19 12 15
19 12
19 12
1 19 5 6
1
1 19 15
5
8 1 6
8 1 2 20
10 12
8 19
8 16 19
5
5
5
17 19
1 5 6
8 21 6 15
5 9 10 15 19
10 19 12 15
19 12
8 19 12
5
1 5 6
8 1 2 19
8
19 15
8 1 2 5
19 12
19 12
1 12 6
9 2 5 17
1 2 10
1 2 10
2 10
10 2 19
16 5
8
8 21
1 19 12
8 16
1 2 16 17 19
10 5
8
16 5
12 15
8 12
8 5
12
8 12 6
12
8 16 19
9 10 3
16 9 2 3
8
16 19 12
17 2 10
17 2 19 1
17 2 19
17 2
5
8
1 2 19
8 1 19 6
8 2 19
2
8 1 2
8
8
8
8 19 6
8
8 16 10 19
2 10 15
8 19 11 20
5
8 16
8 16 11 5
8
5
5
5
17 2 1
1 2 3 9 17
9 2 10
8 19 6
8 19 5 6
19 12
12
8 19
5
8 19 6
5
1
1 5
8 5
17 19
16 10 5
1 2 6 8 10 19
17 2 10 5
17 12
19
2 3 9 10 17
8 11
1 2 19 17
1 6
1 2 19 6
8 10 19 15
8 16 5
5
16 1 2 5
8 5
8
8 2 10
9 2 3
8 1 2 9
1 2 8 9 16
9 2
19 6 15
9 10 5
8
8 5
8 1 19 6
8 19 6
8 1 19 6
8 11 20
8 5
8 1 19
8 5
8 11
8 5
19 15
19 5 6
16 8 15
9 2 3
9 2 3
8 12 15 17 19
1 2 10 9
1 2 19 5
8 1 19
17 2 19
17 19 12
8 11
8 19 12
19 12
8 16 13 5
19 12
8
8 16 5
1 2 10 20
9 2
16 1 3
1 2 8 11 16 20
8
8 1 11 20
8 9 16
1 19 6
17 2 1
8
9 10 3
1 10 2
17 19 12
19 12
8 19
1 10 19 17
8 1 11
10
8 10
1 5
1 2
2
8 1 2 21
1 3 5 9 10
1 2 3 5 9 10
8
8 16
1 2 5 8 10 16 19
1 10 2
1 10 2 5
8 2 5
8 19 6
8 16 5
8
8 19 6
8 9 3
9 3 5
9 2 3
8 16 5
9 3
9 3
9 3
10 2 3
16 9 5
8 19
1 2 19
9 2 5
5 8 16 17 19
19
1 2 21
1 6 8 15 19
8 1 11 20
16 8
8 5
8 5
8 19 6
9 3
8 2 10 3
1 2 10
1 2 10
1 2 10
19 12
1 2 6 15 19
12 5
8
1 2 17
9 10 5
16 5
5
12
8 10
8 16
8 16
17 19
8 19
5
16 5 6
8
1 2 21
8 16
8 19 6
1 5 6
8 17
1 19 6
8 1 2
8 17
8
1 19 5 6
2 6 8 15 19
21
8 6
8 2
1 2 19
1
16 17 5
8
8 19 15
9 3
8 1 2 19
8 17 2
16 10 5 6
2 5 16 19 21
8
1 5 6 8 19
1 17
1 2 19 17
1 2 19 17
1 19 17 15
5
8
1 19 6
1 10 19 5
20 5
8 16
8 11
1 2 8 11 20
8 19 12
16 1 5 6
6 8 12 15 19
9 5
2 19 21
8 1 2 11
17 19 12
16 5
1 5 10 12 17
8 1 11 20
1 2 8 10 15 16
8 2
12
8 19 12 15
8
1 2 10 12 19
1 2 8 10 12 19
19 1 2 10
8 9 10 5
9 2 5
9 13 5
16 9 5
1 5 6
1 5 6
1 5 6
8 19 15
8 16 5
8
1 5 8 16 19
1 2 6 8 15 19
19 12
1 6 8 15 19
8 9 10 2
8 9 10 2
5
8
9 5
8 16 11
2
16 8 19 6
1 5 6 15 19
5
5
19 6
9 10 3
8 10 15 17 19
19 12 15
8
16 8
1 19 6
8 19 15
1 19
9 2 3 5
16 17 10 5
5
8 9 10 5
1 19 17
8 19 12
1 19 17
16 8 5
16 8 5
8 19 12
8
1 5 6
19 12
8
8 19 12 15
8 21
8 6
5 15
19 6 15
1 2 8 11 20
1 5 8 9 19
19 12 15
17 10 3 9
8 16
19
8 9 5
8 16 5
8 16 5
8 11
8
8 15
8 1 11 20
1 19
3
1 19 15
5 8 12 15 19
8 19
19 5 6
8 9 5 16
5 6
8
8 16
1 2
8 16 19
16 5
8 20
8 16
8 16
1 5 6 9 15
5 15
5 15
9 2 3 5
8 6
8 5
5
8 19 6 15
10 9 2 3
1 2
19 12
12
8 2
8 19 15
1 19
16 5
2 3 8 9 13
16 9 3 13
2 5 9 10 16
16 9 5
8 9 5 16
13 5
8
10 19 12
16 8 5
8 1 19 6
1 19
8 1 19
17 19 12
19 12
1 19 12
16 10 5
8
12
8
1 2
1 2 8 19 21
8 17 19
8 16 5
12
1 19 6
1 19 6
8 11
8 19 6
19
8 16
12
16 5
1 19
8 9 10
8 16
8 10 3
8 13 15 16 19
8 19 12
19 12 15
19 12
8 16
8 1 19 6
5
2 9 10 3
2 3 6 9 10
19 15
16 2 3
12 5
5
8 2 19 21
16 5
21 5
16 5
8 11
19 12 15
8 19 12
5
8 19
8 19 12
1 2 19 6
8 2
9 2 3 5
8 5
1 2 19
13 5
1 2 17 9
17 13 12 5
1 5 6 8 19
8 16
8 19 12
8 11 20
8 6
8 5
9 3
8 12
16 8 5
8 5
8 13
1 2 19 5
1 17
19 12 15
1 2 16 17 19
8 21
9 5
5
8 9 10 5
9 10 5
9 2 5
8
8 16 11
8 10 5
1 19 6
1 10 2
1 10 2
8
8
21
8 5
8
8 9 10
8 16 6 15
8 2
9 2 3 5
8 2 10 5
9 10 3
5
8 9 10 3
9 10 3
2 8 9 10 19
1 19 6
19 12
8 16 5
8 16 5
8 10
1 2 10 17 19
9 5
8 19 12
8 6
19 12
8 16
16 5
8 1 19 6
8 19 20
17 19
8 19 6
9 3 5
8 5
8 9 2 5
5
8 19 15
8 19 12 15
8
8 19 12 15
8 19 6
2 3 5 9 10
9 10 3 5
8
8
1 2 5 8 10
8 9 13 16
8 16 5
1 19
8 16 5
9 2 10
1 5 6 17 19
1 5 9
1 2 19
8 5
8 2 10 12
8 19
5
8 5
19 12 15
1 5 17
8 5 6
8
19 12 15
8 9 2 5
8 1 19
9 10 3 5
8 1 6
8
16 5
16 8 5
9 3
19 12 15
8 19 6
1 2 19 6
9 2 3
8 10 3
19 12 15
8 11
10 19
8 5
1 19 17
19 12
12
12
12
8 16
5 6 15
8 11 20
17 19 12 15
17 12
19 15
17 19 15
8 16 5 6
5
2 6 8 15 21
1 2 19 5
5
9 3
17 2 1
8 16 10
16 5
16 1 19
1 19 12
1 19
8 19 6
19 12
17 12 5 1
3
1 19 6
1 19 6
8 1 2 21
8 10
8 5
8 2 3 5
19 5 15
8 5
19 6
19 12 15
1 19 5 17
9 2 3 5
16 2 10
8 16 2 10
8 16 2 10
8 16 2 10
19
16 5
19 12 15
8 19 12
8 19 11 6
8 19 6
5
8 19 15
19 12
12
8
8 19 15
8 6
8 16
19 12
8 13 6
17 10 5
5
10 5
19 12 5 6
5
8 16
8 2 19
12 15
8 2 19
8 19 5
17 19 12
19 12
1 2 6 8 19
1 2 10 19 21
5
19 15
8 20
9 10 2
5
8 1 19
8 2 5
8 2 11
8 16
1 6
8 5
8 5
5
5
5
16 5
8 19 6
8 6 15
5 6
19 5 6
8 19
19 12 15
9 3
2 21
3
8 11 20
5
12 15
2 10 12
10 12 5
9 2 10
8 12
8 5 6
8 19 12
1 2 10 17
12
8 19 12
8 19 12
8 16 5
8
8 19
1 2 19
1 5 17
8
1 6 12 16 17
8 16
9 3 5
17 19 15
8 17 19 15
8 19 6
8 16 11
8 17 10
8 2 19 6
12
8
16 5
8 17 19
19 12
1 5 8 17 19
1 21 5
5
1 19 12 17
1 19 6
8 1 19 6
16 5
16 5
19 12
19 12
8 16
8 19 12
8
8 19
8
5
8 6
13 5
1 5
8 5
16 1 5
8
1 2 10
1 2 10
9 5
21 5
8 13 15
8 16 15
8 5 15
1 19 15
1 2 5
8 9 5
5
9 5
16 8
8 11
5 6
2 9 10 3
1 2 19
8 17 19 15
8 17 10 19
8 20
8
2 5 9 10 17
17 19
17 19 1 6
17 19
1 2 17
8 16 5
10 9 2 3
10 9 2 3
9 2 3
10 9 2 3
9 3
8 19 15
8 16 19
1 2 5 9 10 17
20 5
6 8 15 16 19
8 10 19 5
1 2 8 16 19 20
8 6
16 5
8 16
8 3
8
8 19
1 10
8
1 2 8 11 21
5
8 5
1 2 19
8 1 2
1 2 9 15 17
8 5
9 10 5
16 5
8 5
8 1 20 16
5
1 2 8 11 20
1
8 16
1 2 19 17
8 19 6
1 5
9 3 5
9 3 5
9 3 5
9 3 5
9 3
17 10 5
8 1 6
8 2
8 5
8
1 19 12
8 1 19 6
8 6
5
8 1 19 6
8 19 6 15
8
8 17 19 15
17 2 1
17 2 1
1 2 17
17 2 1
1 19 6
1 2 19 6
19 6 15
8 1 19 6
8 2 19 6
2 3 9 10 17
1 12
1 12 5 17
1 5 12 17 19
8 19 6
12
19 12
21 5
19
8
10 12
9 2 3
17 2 1
1 2 17
1 5
8 16
8 2 20
8 6
8 2 21
1 19
1 5
16 1 19 6
8 6 15
8
8 19 6
8
19 12 15
5
8 9 10 16 17
12 5
9 3
1 2 5 17
19 12
5
1 5 6 9 19
8 12 5
5
17 19 15
8 16 20
8 16 2 10
8 10 12 17 19
8 15
8 5
1 2 6 8 19
8 1 2
8 9 2
8
8 19 5 6
8 16
21
16 5
16 5
8 16
19
8 1 19 20
17 19 1
8 10
1 10 19
8 20
8 9 5
5
1 19
1 19
19 15
12
8 17 19
8 16 5
1 5
1 2 5 9
16 2 3
8 20 5
1 10 19
1 10 12
1 12
1 10 19 17
1 2 10 17 19
8 1 2 19
1 19 6
1 19
8
5
21
19 12
1 6 8 11 19
1 19 17 6
1 12 15 17 19
1 2 19 17
1 17
8 19 6 15
1 6
1 19
8 1 2 19
8
9 2 3 5
16 5
5
8 16
16 17 10 8
8 17
5
19 12
1 10 19
19 12
2 5
19 12
16 5
8 1 2 10
9 2 3
8 11 19 20
1 5 10 12 15
16 12 5
1 8 10 12 19
12 5
1 2 12
5
5
8 15 16 17 19
8 19 12
8 1 19
8 1 19 6
8 16 5
5
19
8 13
8
8 5 6
1 2 19
6 8 15 16 19
19 5 6
8
19 12
19 12
19 12
17 2 19 1
8 16
8 17 19
8 16 19 6
17 12 15
1 6 10 15 17 19
16 5
17 19 12
8 10 3
1 19 6 17
1 12 17
19 12
5
8 17 19 1
8 16 5
8
8 5
19 12 6
8 16
5
8 3
13 5
5
8 16 13
8 2
8 1 2 19
9 2 3
8 6
8 6
9 3
8 3 20
5
1 19 6
1 19 6
8 5 6
8 20
17 2 19
1 2 10
17 19
16 12 5
8 1
8 1 5
1 5
1 17 15
8 16
8 2 3
1 2
5
5
5
8
12
8 19 12
8 16 13
8 9 5
8 19
8 19 6
1 11 20
16 5
8 16
5
16 10 5
8 5
5
5
1 2 6
8
5
5
5 6
8 13 6
1 2 8 12 17 19 21
5
8 5
8 9
5
8 9 5 16
5
8 16 10
8 19
16 5
8 16 5
8 5
8 19 12 15
8
16 8 5
5
12 5
16 5
16 5
16 8
8 5
16 5
19 12
16 10 5
8 3
8
1 2 8 11 20
8 16 5
9 10
8 5
8 16 5
8
8 13
20 5
8 9 3
8 19
5
16 13 5
8 1 2 9
8 1 19
8 5
8 19 12
1 19 6 15
1 2 19 5
3 5 6 9 10
8
5
2 3 5
8 16 19 15
8
19 5 6
8 19 6
8 9 5
1 2 5
8
8 19 5
1 5
8 6 15
1 2 5 8 17 21
8 1 2
2 19 12 15
9 10
16 5
16 5
8 5
8 1 11 20
8 16 10
9 3
8
8
8 16 10 15
8 5
12 5
8 5
1 2 19 5
8 16 19 6
8 6 15
2 5 8 9 10
8 9 10 3
19 12
19 12
8 2
8
8 5
8 5
1 2 3 17
8 16 5
8 19 11
1 8 12 17 19
16 5
19 12
2
9 2 3 5
19 15
8 16 10 5
5 15
19 12
19 12
19 12
19 12
19 12
12
8 1 21
12
1 2 17
1 2 10 17
1 2 10 17
1 2 17
1 2 19 17
1 2 19 17
1 2 19 17
8
1
1 2 19 6
1 2 6
8
8 16
8 1 6
2 5
10 3 13
16 5
9 2 3 5
8 1 19
16 5
8
1 5
16 5
1 2 19
8 16 5
8
17 5
8 1 2 21
2 21
8 1 21 17
1 2 6 8 9 15 19
1 2 10 5
8 5
19 12 15
16 9 5
8 5
8 16 5
16 5
8
8 17 19
5
9 5
1 10 19 17
9 10 2 17
8 1 2
5
8 11 19
8 19 6 15
1 12 5
12
12 5
16 9 5
5
5
9 10 5
9 2 3 5
8 19 6
