6
1 2 9 7
19
15
8 3
15
18
17 2 7
7
13
10 7
9 4 14
1 18 17 7
6
17 11
10 12 14
10 18
16 10 6
18
2 13 15
1 2 15
4 7
1 4 5
1 4 5
17 11 15
17 11 15
1 18
17 11
19
18
18
1 2 9
4 14 7
4 14
6
13
13
6
18
19
16 10 6
5
14
3
12 6
12 6
14 7
19
19 14
18
16 13
4 15 7
18
1 11 9
6
8 3
10
16 13 15
12
12
12
3 7
8 16 14
16 14
16 14
18
7 15
18
16
16
17 11 13 7
8 9 4
16 14
12
16 12
14
10
19
19
10
10 6
10 6
19
4 5
19
16
8 2 6
16 13
13
6
5
10 14
11 14
1 17
19
18
4 12
2 15 7
3 15
2 3 4 8 9 14
8 2 3
18
10
6
1 2 7 10 14 18
16
3 6
10
16 9
8 9 2 3
9
1 11 17 15
16
1 2 11 15 17
16
15
1 11 17 15
1 9 11 15 17
5 13
10 12 6
16
2 15
1 7 14 17 18
16 14
10
9 13
11 15
10
13
8 3
11 13
13
3 4 8 9 12
3 4 8 9 12
8 2 3 4
3 4 8 9 12
10 12 7
19
13
19
19
16 13
11 5
6
10
19
7
5 7
10 6
7
5 7
4 14
4 14
17 5 7
4
1 18
4 14
9 6
4 14
9 7
8 16
12
12
18
8 3
10
18 10
10
12
18
16 6
12
16
8 3 4
19 14
10
18
17 13
11
11
9 14
14
6
10
10
5
11
16
10 6
12
10
17 10 18
12
5
1 2 15
8 2 3 4
12 6
16 14
19
19
16 12
18
18 7
10
3 5 15
5
14
16 14
13 5
15
19
4
17 7
19
18 6
9 11 4
5
5
6
15 7
19
13 14
8 9 2 3
9
17 3 15
2 14 15
10
1 2 9 15
2 3 4
8 4 7
10
19
19
12 6
8 2 3 15
4 14
13
16 10 6
13 5
10
15
8 3
16 5
16
10 7
4 5 15
16 14
13
1 2 9 15
1 2 15
1 2 15
13
5
12
17 13 5
17 13 5 7
18
9 14
12
18
18
10 18
13
9 5
8 10 6
19 13 14
8 2 4 15
1 2 4 8 15
11 13
1 2 4 5 17
13 15
19
4
4
18 10 14
8 3 4
18
8 3 7
10 6
6
15
8 9 3
8 3
8 3 14
16 3 12
8 3
8 3
8 3 4
8 9 3 14
8 3
8 3
8 3
8 3
8 3
3
16
12
17 13
17 13 5
9 1
1 5 7
8 3
1 5 9 15 17
1 3
1 3
1 3 5 7
3
1 2 9
18
18 15
18
17 2 1 15
18
18
12
12
12 6
6
9 14 7
9
8 3
10
5
5
9 4 14
12 6
8 2 3 4
8 4
9 4
18
17 13
3 6
6
16 11 15
10
16 5
16
8 3
14 7
2 10 7
14
9 3
13 11 5
18
19
6
5 6
12
16 12
12
12
10
19
16 5
9 2 7
1 2 3 4 8
19 5
16
6
6
12 14
19
19
4 7
6
10
19
6
1 5 7 13 17
1 10 18
9 15
19
17 13 7
1 11
1 11 17 15
13 11 5
17 7 15
15
17 11
7
19
13
11 13
18
18 10
10
5 7
19
10
11 9 3 13
5 7 11 13 17
12
14
7 15
8 2 3 4
5
6
18
4
6
10
8 3
6
14
16 11
19
1 2 3 4 8 9
1 10 18 7
16 15
9 3 15
4 14 7
12
18
11 15
17 7
4
4 14 7
16
10 19 14
6
13
19
12
10
12 14
12 14
8 2 3
19
16
9 4
12
13 11 5
6
16 15
12 6
16 19
19
19
18
8 3
5
19
16
8 3
13
11
11
10
4 14 7
19
16 5
19
10 14 7
10 14
13 5
10 3
19
17 5
16 5
16 5
6
1 15
1 2 15
1 2 15
2 4 14 7
1 17 7
18
6
16 10
16
12
13
10
12
4
8 2 3 4
8 2 3 4
17 11 13
5 7
1 2 17
2 7
5 7
12
18 3
19
19
10
4
17 11 15
19
1 4
18
16
16 14
1 5 15
19
6
8 9 2 4
18
13 5
1 2 4 5 17
10
10
6
15
12
18
16
19
18 10
8 3 4
8 3 4
3 12 14
19
16 5
17 5
1 15 17 7
11 13
16 19
11
6
13 5
18
1 4 7
12
16 14
16 14
18
16
17 11
6
8 16
9 3 14
8 9 3 14
6
14
8 12 6
12 6
6
10 18 6
19
5 7
11
12 14
9 2 1
4
5
18
10
9 4 14 7
12
14
15 7
18 10
14
8 3 4
8 3 4
1 17 15
11
12 6
12 6
5
12
12
12
16 6
19
17 5 7
14 7
18
19
19
18
18
5
16
12
18
18
4 12 6
6
16
5
9 11 7
10 13
19
6
8 3
6
9 3 12 14
10
5
5
1 19 17 15
1 5 17
19
7
17 11 13
11
16 6
1 7 5 15
7 9 11 13 17
19
12 6
12 4
19
17 11
10
17 13 15
12 6
11 13
5
16 13
14
19
12 6
19
10
10 7
18
13
10 4
13
18
3 4
16 10 14
13 15
11
9 11 15
9 4
11
16 15
13
6
1 2 7 10 18
10
18
12
19
16 11
4
16 6
16
12
12
11
1 7 17 15
19
19
11 15
19
14
9
11 13
5
13
19 17 11
10 12
5
11 13
13 5
16 13
7
1 2 4 14
11 15
11
16 13
9 4
16 13
19
5
15 6 7
5
19
11 15
13
8 4
6
12
6
1
6
13
12
5
9 4 15
14
17 11 5
12
16
18
12
12
18
13
18
16 5
16
16 15
18
14 7
16 14
8 3
8 3 4
12
19
13
19
11
12
12
12
11
16 14
1 2 17 15
12
1 2 17
1 17
1 17
1 17
10
16 10
16
8 3
12
12
12 14 7
2 4
12
1 17 15
1 17 15
18
19
19 14
19
19 7
13
18 10 14
8 9 4
1 2 9 15
16 15
16 15
4
7
19
6
4 7
17 5 7
9 13 7
16 11
11
17 11 5
9 11
11
11
9 13
16 15
13 14
3
3 15
13
6
8 4 14 7
11
11 15
11
1 7 9 11 18
17 11
18
9
9
8 3
9 15
9
19
10
12
9 14
12
18
10
1 5 17 7
1 2 17
19
19
4 7
19
4
4
8 3
11
18
18
17 13 1
12
12
6
16 15
6
17 13 5
4
18 10 14
14
4
10 4 7
19
1 15
9 14 7
10 4 7
16 5
18
16 14
16
16
16 5
16
10
10
18
10
8 9 4
13
10
19
16 10 14
12
12
12
1 7 17 15
9 2 14 7
16 14 15
9 15
10 18
11 3 13 15
6
8 9 4 14
6
1 2 15
17 13
18
1 17 7
16 5
10
18
12
6
8 9 2 3
1 17 15
12
12
16 10
12
1 17
18
17 14
5
10
7 14 15
8 9 2 15
8 9 4
11 13 15
2 7
6
14
12 6
12 4 14
11
9 11 4
9 14
17 13
16
6
15 7
1 2 7
11 13
1 5 17 15
19
18 10
6
10
10
13 5 14
16 13
8 9 3 12
8 9 3 12
9 2 1 17
1 2 9
1 2 9 15
8 2 3 4
9 3 15
18
18
17 5 7
18
13
16
19
14
2 4 7
6
16 14
5
11
5
7
8 9 3 15
4 7
12 6
4 14
9 7
10 18
14 7
17 14 7
7
18
5 3 13
11
11 13
11 13
11 13
1 2 3 9 15 17
19
8 2 3 4
14
8 3
8 9 12 14
9 3 15
19
16
14
8 16 3
1 2 18 17
8
10 18
10 6
18
18 6
18
19
15
5
12 14
16 13
8 16 13
16 13
14
16
4 5 14 7
6
12 6
12
12
12
19
13
15
11 15
10 6
4 14 7
19
19
19
6
18
19
14
14
19
10
10
11 15
11 15
8 3 4
6
8 9 4
11
10
8 3 4
6 7
15
1 10 17 7
19
13 14 15
10 12 6
11
4 14
11 13
11
1 11 5 17
17 11 13
19
1 2 17
18
8 16 3
8 2 3
8 3
6
4
18 7
8 3 12
4
1
1 18 7
11 15
8 4 15
13
1 9 15
5
10 5 7
19
16
1 5 17 7
11 1 3 15
13
13
16 13
13
16 13
8 16 13
12
19
5 7
8 3 4
8 3 4
16
6
16
18
17 13 14 15
6
5 13
6
10
10 7
13
12
12 6
12
16 10
8 3
18 19
18 11
8 3
19
17 11 4 13
6
10 18
1 4 8 9 15
1 3 15
3 15
18
11 12
17 11 13
8 6
19
16
9
1 2 17 15
1 2 17 15
13
13
16
1 2 7
3
16 12
8 12 6
18
8 3
9 11 15
10 18
1 2 9
19
1 17 15
11 15
6
11 6
16 6
1 2 17
1 2 17
5
10 6
17 13 7
18
5 7
4 6
19
10 6
7
2 11 4
11
10 19
13
17 11
16 13
16 13
10
7
11
16 11
17 7 15
14
16 12
18
18
12 6
18
1 2 17 15
9 11 4
9 11 4
12
9
6
9 4 14 7
4
4
1 2 15
1 2 15
16 19
19
19
19
19
19
19
19
19
12
10 18 7
3 4
13
4 12 14
19
11
11
11 13 15
15
9 1
19
16 19
10
10
3 4
8 3 4
12 14
5
1 2 15
3 15
8 9 2
8 9 2
9 2
8 9 2
8 9 2
8 9 2 13
8 9 2
8 9 2
19
12
16 5
11
11 13
19
16 15
10
17 5
6
16 14
1 5 17 7
19
3 15
3
1 2 3 15 17
17 11 15
19
9 2 15
18
19
18
10 12
19 5 7
11
18
8 9
6
14
12
2 3 4 8 9 14
12
18
16 5
10 7
19
9
19
19
19 15
14
10 6
9
5 13
10 18
18
1 5 17
12
9
10 5
3 4 8 9 15
8 2 4 5
8 3
19
12
8 2 4 15
16 14
14
8 3 4
6
16 14
4 5
4
11
16
11
11
11
4 14 7
14 7
10 18 7
8 9 3 4
8 3 4
1 4 5
6
19
5
11
10
16
13 11 5
16 10
9 2 3
8 9 4
8 9 2 3
1 2 3 4 8 9
1 15
2 4 7
16 11 15
6
6
6
12
5 6
1 7 11 15 17
6
8 2 3 4
8 16 3
8 2 3 4
8 2 3 4
8 2 3 4
8 2 3 4
16 14
10
7
17 13
11
10 5 6
17 11
19
6
16
10 13
10 6
12 6
16
18
18
17 5 7
12 14
5
8 9 3
4 5 7
1 2 13 15 17
6
16 5
1 2 15
1 2 15
1 2
1 2
1 2
6
17
18
18
1 18 17 7
4 5 7 13 14
13 14
19
6
6
8 3 4
6
10 18
17 11
17 11
17 13 5
13
17 2 15
3 12 15
2 15 7
15
11 14
10 18
1 5 7 13 17
18
17 11 13
19
10 18
1 17 15
6
6
13 11 5
2 7
9 4 12
11 15
13 11 5
12
1 15
16 10 18
12 6
1 2 15
1 2 15
1 2 15
17 13 5 7
10
6
6
10 18
17 11 5
15
17 11
5 13
12 6
9 4 14
12 14
8 9 7
13
8 4 14
11
18 10
4 6
1 4 6
1 4 6
1 4 6
5
7
6
19
17 5 7
1 5 7 13 17
16 5
16 5
16 5
16 5
8 1 9
9
8 2 3
13
13 5
13
13
12 6
1 17
11 15
10
17 2 11
11
6
10
10
17 11 13
12
9
5
5
11
9
6
18
18
12
13 14
10 7
19
12 6
19
16
12 6
1 2 15
12
18
1 2 4 5 17
19
1 17
17 5 1
16
9
12
8 3 12
4 12
6
6
1 2 4 8 15
6
3
15
12
15
8 9 2
9 2 15
18
4 14 7
11
9 2 1 15
1 2 17 15
1 2 17 15
4 14
1 2 9 15
3
8 12 6
12 6
12
16 14
8 9 2
11
18
10
10
14
10
10 15
14
14
12 6
12
6
12
14
19
19
10 18
1 5
9 2 3 7
19
1 5
1 5 17
1 2 17
19 14
10 11 5 6
19
13 5 14
16
6
10 2 18
1 2 7 10 18
1 2 7
9 3 15
1 2 3 7 9 15
1 2 4 5
16 14
5
16 15
12
13
11 13
8 3
16 9
17 11 7
16 6
10 18
18 10
5
16 5
16 5
1 2 9 15
2 10
12 6
12 6
18
18
6
10
8 2 3
10
8 3
8 3
1 2 3 4 8
8 3
13
12 6
10 18
8 9 2
13
17 13 5 7
10
10
12 14
8 3
3
12
12
10 18 14
10
16 10
10
10
6
14 15
4 12 14 7
10
19
10
16
10
11
19
6
9 2 1 17
10 18 6
10
10
16 17 11 15
17 5 7
16
16
12 6
14
18
16
10
10
19
17 5
16 9 3
8 9 2 3
8 3 12
11
16
3
3
8 3
3 13
10
12 14
12 6
12
8 9 2 4
16 5
17 5 7
18
11
10
5 13
10
16 10
18
10
10 12
10
10
10
10
10
18 6
13
12 6
8 16 12
4
10
16
6
10
4
18 10 6
8 4
16
17 11 15
6
6 7
4 7
12 14
4
1 2 7
10
19
17 11
8 3
8 3 4
16
17 13 15
7
19
16
12 6
1 2 17
5 7
1 17
12
12
6
6
1 15 7
1 5 17
19
19
1 18 17 7
16 11
1 17 15
16
9
9
17 2 7
16 9 11 13
13
7
16
16 19
10
10
12 6
4 14 7
16 14
14
16 14
16 14
16 14
5
6
16 14
6
16 14
16 14
16 14
16 14
7
6
14
9 13
17 13 5 7
1 15
10
8 3
8 2 3 4
8 3
8 3
18
8 3
10
10
1 2 17 15
1 2 15 7
1 2 17 15
12
12
12
12
11
12
3 15
18
14
18
12
9
1 2 8 9 14
16 5
11
4 14
7
10 6
19
10 12
5
16 5
18
19
5 13
1 2 9 15
16 10
17 10 5 6
6
19
19
19
18
8 6
3 15
18
12
16 5
11 13
6
8 4
10
14
9 4 15
6
9 15
16 6
6
13
8 9 4 12
16 6
5
19
19
1 4 5
9 15
8 3
16
8 9 4
10 6
10 18 7
8 3
1
19
14 7
1 5 17
4 14
4 14
8 3 4
13
1 3 4 8 15
9 3
16 14
8 3 12
16
17 13
9 3 15
12
18 10
1 2 4 15
1 4 15
1 2 4 15
18
9 6
8 3
16 14
18
2 6
6
12 6
12
12
12
12
12
3 15
16
5
16 12
12
12
12
11 12
8 3
8 3
6
9 4 14
2 15 7
6
12
4 14
18
7
9 11 17
17 5 13
8 2 3 4
10
18
4 14
17 11
1 2 17
1 2 17
1 2 17
1 2 17
17 2 1
18
5
15
9 2 7
17 7
11 13
5
16 5
2 3 4 8 9
6
19
10
3 6
8 9 3 12
3
8 3
8 3
8 9 3 4
8 9 3 4
8 3
8 2 3 15
1 2 3 4 8 15
16 9 11
19
19
9 2 4
7 15
7
16 14
6
16 5 14
12
12
2 4
9
10
18
14
3
9 7 14 15
8 2 3
8 4 7
8 2 3
9 4 15
3
16 13
5 13
12 13 14
11 13
16 13 15
5 13
16 13
16 13
16 13
16 13
16 13
16 13
16 13
16 13
16 13
13 11 5 14
12
12
12
4 12 14
16 8 3 4
7 14 15
16
6
11 13
16 14
5
14
8 12 14 7
18
8 4 7
4 14
3 12
8 3 12
12
3
13
8 3
8 9 3
6
13
5 13
13
18
9
9
6
10 18
14
10 6 7
6
10
10
16
10
1 2 13 17
16 14
16
10
18 10
16 14
19
4
17 2 5
18
19
6
14
19
10 18
18
10 18 6
1 2 4 8 9
1 2 4 8 9
8 9 2 4
17 5 7
5
11 6
11
11
6
12
8 9 4
10
12
2 7
16 12
17 5 7
17 7
16 8 3
17 5
16
5
1 13 17
18
17 13
8 9 16
9 11
16
11
18
17 5
1 2 4 5 13 17
16
10 18
7
13 7
11
3
1 2 13 15
6
6
8 6
17 5 12 4
17 5
17 5
16
11
4
15
11 15
16
19 12 14
18
11 15
1 17
6
19
7
17 11
8 2 3 4
5
8 3
1 2 17
18
16
16 14
3 12 15
13
19
18
18
18
10
6
14 15
19
13
17 11 13
19
10
18
18
18
18
11
6
15
9 1 15
3 4 15
19
19
19
4 5 14
16 14 15
8 3 4
18
8 9 2
8 3
1 2 15
18
8 4
17 5 1
19 14
14
19
17 5 7
9 18 7
11 14
8 3 14
8
11 13
11
11
11
13
6
6
2 15 14 7
10 12
4 14 7
19
12
12
17 10 7
8 1 2 4
12
13
19
10
10 18 14
12
12 6
12 6
8 2 3 4
6 7
8 9 2
8 9 2
9 5 7
14
12
16
10
2 3 8 9 12
8 3 12
8 9 2
13 5
11
11 15
11 15
11 14
10
12
11 13 15
13 5
16
8 3
6
12 6
12 6
12
12
12
8 3
12 6
8 3
8
9 2 1
9 2 1
1 2 4 9
1 2 9
9 2 1
19
4 12 14
4 12
1 4 15
8 3
2 3 4 8 15
6
18
8 2 3 7
16
18
1 5 17
13
3
4 5
11
10 14
8 3
10
11 13 15
8 3
19
8 3
10
12 14
4 12
6
16 14
19
19
12 14
10
18
1 2 15
11 13
1 2 17 15
1 2 17 15
14
4 14
19
17 11 4 14
5
11
9 2 1 14
9 2 3
9 18 15
14
18
17 5 7
4 14
4 5
10
2 13 15
11 5
6
18
17 11 7
18 10
17 5
6
16 14
10 18
9 18 11
18
8 3
18
3
1 2 5 17
11 13 15
12
12
10
18
5
10 14
19
1 2
19
7
14
1 2 7 17 18
12 6
12 6
12
19
19
19
2 3 4 8 19
13 5
16 10
8 9 3 4
1 2 3 4 8 15
5
19
19
11
5 13
1 7 15
17 13
11
10 6
18 14
10
15
19
12 6
12
10
18
3
16
19
11 13
17 11 13
13
18
17 5
12 6
1 11 15
11 3
3
11 3
10
14
18 6
18
18
19
19
1 2 15
10
16 10
10
1 17 15
16 13
19
19
19
19
6
19
12
12
9
8 3
16 5
19
11
8 2 3 4
16 19
10
9 4 5 1
8 9 3
17 15 1 7
16
17 5 7
16 12
8 3
1 15
8 3 4 15
6
6
3
16
18 4 12
7
7
12
12
1 18 15 7
6
10 14
14 7
6
17 7
6
19
16 19
18
6
10
9
8 3
1 5 7 13 17
16
1 7
12 6
12
12
14
18
19
14
10
6
1 13 5 17
18
8 3
6 7
1 17 7
10
16
6
16 8 3 9
9 11 13
12
10
10
18
19
6
9 2 3 4
17 5 7
10 18 7
11
17 11 5
11 5
11 13
14
16 19
5
12
11
11 15
1 5 17 7
4
4
16 5
10 18 7
16
4 12
16 5
16 8 3
13
13
1 2 4
13 11 5
11 13
11 13
11 13
11 15
6
17 13 5
6
13
12 6
6
10
17 13
6
14
17 13 15
18 19
14
6
10
19 5
16
11 13
18
5 11 13
5
19
18
17 4 5
9 2
10 2 18 7
14
9 14
4
10
12
12
12
19
17 5
4 14
5
12
8 3
16 11
16 11 15
8 1 3 4
12
19
11 4
8 2 3 4
10 13
18
10
1 2 4 5 7 13 17
1 2 13 5
16 13
13 5 7
19
12 6
1 2 7 11 15
10
11 15
6
18
18
19
12 14
6
12
2 3 4 8 9
2 3 4 8 9
2 3 4 8 9
2 3 4 8 9
17 13 7
17 13
1 5 7 13 17
6
6
5
19
16
14
12
10 7
18
11 13
11 13
18
11
4 14 7
9
1 5 17
17 5
3 4 7 8 12
4 12 14
17 11 13
11
9
9 3
12 4
12 4
18
1 2 17
8 2 4
15
6
11
17 5 7
13
8 9 3 14
16 13
4
9 13 17 7
16 14
17 19 14
14 7
12 14
10
16 14
8 2 3 4
13 5
17 5
8
17 7
8 9 16 15
1 7 15
9 2 7
8 9 3
15
16 14
4 14
16 11
16 19
8 9 3
18
18
10 18
4 12
17 13 15
18 12 14
3 4 12
1 7
19
15
8 3
8 3
3 15
6
8 3
16 5 13
1 2 5
1 2 5 17
15
9 1
9 2 1
1 2 15
8 9 2 3
2 3 4 8 19
17 11
17 10 7
11 14 15
5 7
18 19
12
10
18 11
19
19
19
6
5 7
8 9 3
5
6
8 9 2 14
19
12
16 11 15
18
1 2 15
1 2 17 15
1 2 15
1 2 15
1 2 15
1 2 15
1 2 15
1 2 9 15
1 2 9 15
17 13 7
9 3 15
17 11 13 7
18
12 5 14 7
10 7
6
12
12
12
12
12
13 5
5
16 15
17
11 15
6
8 3 4
16 10 18
19
15
9
12 7
12
19
8 9 3 12
19
14
19
9
14
10 6
1
16 12 6
12
18
18
1 9 17
16 17
19
18
1 5 9 15
10 7
16 14
12 14
3
12
12
17 13 15
4
8
4 6
9 2 1 15
9 2 1 15
4 6 7
12 6
8 3 4
8 3 4
18
11 15
17 5 1
11
14
2 4 7 9 14
10
5 7
6
19
1 5 17
1
12
12
10
9 11 14
9 3
18
9 11 17
8 3
18
18
6
16 9 11 15
11 13
11
4 6 7
5 7
12 6
4
1 2 4 9 15
9 2 4 1
6
8 16 12
9 4 14
15
16 13
4 12
12
13 5
19
19
19
1 17 15
1 17 15
1 2 17 15
1 15 17 7
16 10
16
10 19
19
9 11 13 15
6
6
9 2 1
6
12
10 7
4 14
2 15
9 3
9 13 17
11
13
17 5 7
6
8 9 4
17 14 9
3
3 9 11 8
13 5
1 2 3 8 13
9 14 7
16 10
18 10 19
16 19
12
1 2 9
1 2 9
10
8 1 3 4
3 15
8 2 3 4
1 2 4 5 17
12
11 13
1 2 15
19
19
19
10 6
18
18
18
18
11 13
12 6
9 14
13 5 14 7
11
8 9 2
18
12
19
5
4 5
4 7
19
19 14
11
6
16 14
5
3
19 14
12
5
11 13
11 15
3 14
12
12
1 17 15
2 3 4 8 9 14
8 3 4
1 13 17 7
1 17
1 17 7
1 13 17 7
8 9 3 4
17 11 13
8 9 11 16
13
18
12 14
19
5
10
19
19
18
17 11
17 11
10
11 13
13
8 9 4
6 7
10 6
4
19
16
16 14
8 9 2
8 9 2
8 9 2
18
18
17 11
11
16 14
10
18
10
6
19
13
2 3 4 8 9
16 11
18
19
12
7 9 13 14 17
8 2 3 4
7
9
11 13
1 5 17 7
1 5 17 7
11 9 19 15
17 13
18
18
17 15 7
19
10
6
18
17 5 7
18
12 14
19
11 13
11
11
16 11
4 14 7
16
19
14 15
15
12
5 7
10
2 7
4 7
1 2 15
14
10 6
4 7
17 5 1
14
11
10
11
9
1 17
1 2 17
1 2 17
18 19
10
11 13 15
18
13 5
5
1 5 17 7
14 7
1 2 9 15 17
12 6
11 13
18
10 19
19
13 5
13 5
13 5
13 5
16
16
8 9 4
11 15
11
18 10 6
11 15
13
6
19
10 7
2 15 14 7
8 2 3 7
11 15
10 6
10
17 5
14
19
10 5 13 6
19
17 13 7
3
6
9 13 14
17 13
17 13
13
17 14 7
17 13 5 7
18
19
5 7
5 7
1 5 17 7
8 2 3
19
16 8 9
8 2 4
4 7
19
14 7
18
3
19
1 2 9 17
16
10 6
10 18 6
6
9 5 7
13
16
16
16
16
16
16
19
16 19
19
19
17 14 7
16 13
19
4
4
4
13 19 5 7
11 13
19
10 6
8 2 4 15
9 2 1
1 2 9
9 2
16 11
18
18 10 6
7
18
11 13
11
8 9 3
18 10
9 2 15
17 2 1 15
17 2 15
2 15
1 5 17 7
1 2 7
17 18 7
16
9 14 17 7
17 10 18 7
6 7
1 2 15
1 2 3 8 15
4 12 14
4
6
1 4
4 7
16 19
17 5 13
2 3 8 9 15
19
16 13 14
12
9 11 15
1 5
7
5 13
8 2 3
11 13
3 6
6
10 7
8 2 3
8 3
19
10
19
10
16 10
19
9
19
19
1 18 10 7
8 9 3
9 2 1
14
9
2
16 9 19
1 3 4 8 9
1 2 3 4 8 9
12 14
17 5 7
10 18
16 8 3
8 3 7
8 3 4
8 2 3
8 9
9 2 14
8 9 12 15
11 15
19
4 7 14 15 17
19
1 2 19
10 19
8 3
9 2 1
9 2 1
9 2 1
9 7
11 13 15
19
1 2 19
14 7
13 5
19
19
19
19
1 2 4
13
19
19
18
5
8 3
16
2 15 7
9 4 5 14
1 15
1 2 17 15
6
1 2 17 15
1 13 17 15
19
18
8 10 3
16
17 11 15
14
5
16 13 5
1 2 7 9 13 14
14 7
11
1 2 9 11 17
1 2 7 9 11 17
9 2 1 17
8 4 12
12
16 13
18
18
1 4 5
1 4 5
1 4 5
17 11
19
8 9 2 7
16
5
1 4 5 13 17
11 13
3 14
11 6
8 9 3
10
10 19
17 11 13
14 7
1 5 17
9 4 14 15
18
13 5
12
10 19
19
19
18
1 4 5
18
6
19
18
9 10 14
8 9 3 15
14 7
6
18
19
1 10 18 7
3
10 6
16 10
18 7
6
12 14
6
8 2 3 4
3
11
10 18 19 14
8 9 2 3
10
18
17 13 7
16
18
8 3 12 14
8 4 14
4 12
4 14 7
19
19
17 11 15
17 11
1 11 17
19
18
7
11
6
16 19
19
11
18 19
18
19
19
19
16 10 6
11
16 14
18
13
16 19
10
2 3 14
19
16 13
17 2 19 7
11 15
11
16 10
17 11 13
10 5
10 6
5
2 7
19
4 12
16
11 4 12 15
18
8 3
16
19
13
6
19
5
6
19
13
18 14
3 15
6
8 2 3 4
9 2 4 7
8 9 3
2 7 8 9 14 15
8 9 3
9 7
13
17 11 7
5 7
9 11 14
17 11
19
5
5 13
10
8 3 4
5
18
18 10
5
17 13 7
5
13
2 3 4 8 9
8 9 3 4
9 3
7
18
12 6
19
18 10
2 7 14 15
8 3
8 3 4
14
11 13 15
10
10 14
13
17 11 13
5
16
7
18
3
8 3
17 5 7
8 2 3
9 3 7
19
18
6
8
1 17 15
11
11
14 7
5 13 6
17 11 13 15
18
17 13
17 13 15
13
8 3 12
8 3
13
11 15
11
17 5 7
13
19
3
1 5 17
16
4 7
13
5
9 2 14
9 2 14 7
9 2 14 7
9 2 14 7
6
6
19
5
17 10 5 7
12 6
17 5 7
11 13
11
11
19
10
19 14
9 10
18
11 13
19
19
16 14
19 11
18 6
17 7
17 11 13
8 3
19
19
16 19
3
18
11 13
8 9 2
12
4 5 7
11 13
13
19
13
1 2 17
17 13 15
1 4 7 15 17
18
18
18
13
10 7
6
13 5
6
12 6
4 12
12 6
9 2 1
1 2 9 15
1 2 9
16 13
6
1 2 17
18
19
12
6
11 15
12
18
16 14
8 9 2 3
8 9 2 3
8 2 3
8 3
8 3
18
16 14
12
17 14 7
10
10 6
16
12 14
18 10
5
14
10 19
11
4 7
1 2 8 13 15
1 2 17
12
8 9 4
16
3
16
18
1 2 17 15
12
1 2 6
10
3 5 6
8 3 4
8 3 4
8 3 4
8 3
6
19
17 11
1 5 17 7
5 7
1 11 17
4
1 2 15
1 2 17 15
1 5 17
17 13 5
2 3 8 9 15
6
16 18
5
11
11 15
19
10 18 6
19
11
9 11
8 2 3
1 2 15
19
18 2 7
16 15
2 19 7
1 17
5
7
19
18
8 3
11 15
13 5
8 2 3 4
17 13 15
9 2 14 7
18
16 18 19
18 19
16 19 5
19
7
19
12
12 6
12 6
12
18
18
5 13
18
16
14
10
18
5
1 4 5
18
6
10 18
18
19
12 6
17 13
10 18
11
13
10 18
9 1 17
9 11 1
1 11
9 17 1 15
1 2 9 15 17
5
16
16
19
16
6
1 13 17
16 14
16 6
6
10 18
19
18
18
9 7 14 15
18
4 7
11 7
16
2 4
10
19
16 14
17 10 18 7
11
14 15
18
10
18
10
5 7 13 14 17
1 17 9
16 12
17 2 1 15
5
16
4 12 14
11 13 15
10 3 6
18
18
10
10
14
16 15
14
12
6
10
6
11 13
16
5 11 13
18
18
4 12
19
8 3
18
1 5 17
10
1 2 9
4 5 7
18
18
11 4 14
17 2 15
10
6
1 13 15
11
16 14
18
16
19
10 19
8 9 4 14
6
8 3 15
4 5
12 14
19
19
5
18
12
4 7
4 14
6
6
11 4
18
18
12 6
16 19
8 9
6
12 7
4 12 14
1 17 7
3 4 5 8 9
4
10
17 5 7
19
18
18
6
12
19 14
16
8 9
19
6
18
8 3
10 18
19
11
5 13
6
16
16
9 4
9
14
18
16 5
16 5
16 9 11
14 15
18
1 2 18 9
12 6
10
16
1 7 11 15 17
2
8 2 3 4
6
17 11
17 11
17 11
17 11
11
19
19
11
9 15
9 12 14
1 2 9 15
1 2 9 15
1 15
1 2 15
5
13
6
10
1 2 5 17
1 2 5
10
18
19
18
18
14
19
19 5
9 3 12
4 14
12
9 11 4 17
14
14
10
6
17 11 13
12 14
9 3 14 7
13 5 15
1 2 18
3
18
18
10 6
10 6
10 18 6
17 10 7
6
12
16 15
11 4
16 11 15
4
4
8 2 3 4
16 5
1 2 4 5 17
