19913 8 16 5
74945 9 2
333371 8 12 15 17 19
4951 16 8 5
58547 8 5
10035 8 16 5
7840 8 1 2 10
11674 9 5
13654 9 3
10481 9 5
9282 8 19 6
389 8
17134 8 1 2 19
195269 1 2
76203 8 11
44115 8 2 19
44982 8 19
58857 8 1 2
10096 16 10 5
300671 8 1 19 20
155084 19 12
3021 19 12
1492 8 1 2 11
2207 1 2 19 6
40205 8 9 10
16996 5
11519 1 5
84165 5
584 1 19 6
136400 1 5 6 8 19
173 8 17 2
62 17 2 15
4437 17 19
14161 1 2 17
844 8 17 10 16
8065 8 6
107811 5
470 8 19 6
64688 1 5 6
37645 1 19 6
187017 1 5 6
2750 8 5
13989 1 2 6
1429 8 6
6557 16 5
170 17 19 12
1562 17 19 12
192102 8 1 19 6
20453 8 16 5
1280 8 16 6
4513 19 12
42941 19 12
62206 1 2 5
1271 1 2 20
53182 1 20
12138 1 2 5 6 19
166666 8 6
284564 19 12
5176 21
7291 8 19 6
2009 8
2752 16 5
332502 17 19 15
109410 8
311291 8
64686 1 2 10
38142 8 3
1824 16 5
3682 8 13
323674 16 8
287689 5
252178 8 1 19 20
82657 19 12 15
422 8 10
65 8
1958 5 6 13 15 19
3489 19 6 15
8224 19 6 15
12244 1 2 3 17 19
200713 5
8827 8 5
283235 8
453 8 16
11471 8 1 6
324807 8 19 6 15
11344 8 1 6
5902 8 11 20
1607 8 6
9487 9 3
13187 9 3 5
17979 8 3
850 9 5
11247 5
74018 16 9 5
185 8 17
532 9 3 5
130739 8 5
340837 8 19 12 15
48231 8 19
101519 19 5
85435 5
881 8
623 5 6
391 21
6399 1 2 5
252171 16 12
47964 1 19
288281 19
9726 8 16 5
15789 2 3 5 9 16
530 2 3 5 9 17
8194 8 6
704 13 5
139038 12 5
184345 12 5
127846 8 19
59 8 19 6
270010 8 5
9476 8 16 2 1
11287 8 9 5
8067 5 8 10 16 17 19
45156 8 16 5
283227 8 16
19101 8 9 10
81390 1 2 19 6
141043 8 5
8976 5
8409 8 1
348678 8 5
14447 9 3 5
1988 8 19
188161 21 5
258230 8 10
77459 2 3 5 9 10
241239 8 1 19 6
157849 19
37719 5
9429 5
23437 19 12 15
10072 19 12
10131 19 12
10160 19 12
10014 12
12403 2 19 15
322125 8 19
1965 8 19 6
9559 8 19 6
21575 8 6
293 8
11257 8 16
88273 8 16 11
3509 19 17 3
60243 8
73861 19 12 6
12573 8 5
1594 5 6
10223 19
34653 8 16
10077 17 2 19 1
404378 8 9 5
702 8
4552 8 12 15
72358 8 5
1645 8 19 6
775 17 2 10
49953 9 3
55465 5
2841 8 16 20 15
364067 13 5
707 1 2 19
169917 8 19 6 15
9560 8 16
232572 8 2 5
10229 8 9 16
59965 1 19 15
245 8 16 5
94901 8
222899 16 5
2755 8 5
122906 8 17 5
9395 8 1 2 19
72331 1 10 12
74777 19 12 15
66 8 19 6
86828 17 5
9788 5
316002 16 5
25364 8
3049 5 15
9273 5
4688 8 16 2 13
75674 1 19 20
22051 8 16
1023 8 5 6
2758 9 10 5
2058 16 5
144340 8 16 5
111190 8
143049 5
16614 5
14367 2 19 5 6
210947 19 12
82700 17 2 1
10843 8 19 5
198287 8 17 10 19
10589 8 1 5 6
3549 8
123103 19 12
10923 1
17047 5
26428 8 2 11
2000 8 2 11
152748 8 16 21 6
284674 17 19
11856 8 1 2 5
9772 1 19
13595 13 5 6
813 16 5
2665 5
149 17 3
812 2 3 5 9 10 16
11238 9 2 3
177699 5
73873 8
94348 1 19 6 15
1966 1 2 8 11 16 20
218778 9 5
8849 5
8489 8
9298 5
12155 9 10 2
241259 10
8077 17 12 1
312526 1 19 17
8078 17 12 1
679 1 19 12 17
20856 2 5 9 10 17
440 1 10 12 17 19
7305 8 1 2 19
705 8
99 8 5
23706 5
210908 19 12 5
11497 3 5 8 9 10
152747 8 1 2
37265 8 5
143 8 20
56590 1 2 3
44269 5
9022 19 12 15
891 8 19 11 15
364137 8 5
262504 17 2
369885 1 8 16 19 20
340402 8 5
786 8 13
222936 16 2 5
2043 1 19 6 15
5966 16 5
12819 9 3
7457 8 6
11542 8 10 12 15 17 19
6477 3 5 9 10 13
55301 3 5 9 10 13
258509 9 2 3 5
23398 3 5 9 10 13
11352 8 16 10
279 8 11 13
7857 8 5
14 8
4982 8 6
2768 8 16 19 6
838 8 5
250066 1
73 8
340485 8 16
168672 8 6
126277 19 12
2105 16 5
2770 16 5
8274 5
8277 5
26123 5
8275 5
1359 8 19 6
71552 5
190859 1 20
2771 8 5
261392 1 5
8273 16 5
11467 16 5
11831 8 11 15
194 16 5
55 8 19
86837 8 16
8356 8 16
13008 8 6
10008 19 12
2769 8 16 13 5
4978 8 9 2 3
10380 9 2 3
814 12 5
9406 12 5
24684 8 16
15653 9 3 5
2623 8 16
1947 8
9360 2 19 12
11237 1 2 12 17 19
9932 5 6
9535 5 6
9444 9 3
93 8 19 6 15
109443 5
8699 5
9267 5
253235 8 16 5
33107 19 12 6 15
895 8 11
635 19 12 15
11227 16 8 10 5
13448 19 15
24795 8 9 10 5
9506 5
12689 8 9 5 16
8469 5
44629 8 19 6
1439 8 16 11
96724 8 16
250546 12
196867 8 9 5 13
703 8 16 5
291270 8 16 3 5
61891 8 19 11 15
15157 13
55420 8 17
44009 8 5
102899 17 2 1
351339 19 11 20
17609 8 19 12
348060 8 1
9989 8 1 6
125490 17 12
13435 8 16
8916 9 2 3 5
9563 8
10739 16 5
160070 12
28 8 20
1579 8 1 2 19
568 8
50357 17 19 12
12690 8 21 6
11633 1 3 17
269650 17 3 1
9445 8 19
14191 16 9 10 5
6488 12 5
60599 8 19
10172 8 9 5
11637 16 9 2 5
209244 5
57876 17 19 12
68734 8 19
11044 8 16 10 5
1073 8 19 15
95 1 2 19 17
4597 8 1 19 6
10974 1 2 5
10975 1 2 5 6 19
766 10 12 5
15383 8 20
10204 1 2 5
410199 17 19
329865 8 17
212 5 6
49012 16 5
42949 10 9 2 3
9992 3 9 2 10
26505 3 9 2 10
51052 8 9 3 5
256274 19 12
2898 16 5
330112 8 16 5
271185 8 19 15
18176 19 5 6 15
9691 1 2 19 6
121856 1 2 10 17
8978 19
184125 8 1 19
2899 9 10 2 5
9564 9 2 10 5
9929 9 2 3 5
11625 9 2 3 5
9642 9 2 3 5
2395 9 10 2 5
9369 9 2 3 5
9318 9 2 3 5
11047 9 2 3 5
170522 2 3 5
99770 9 2 5
16577 1 3 9 17
254188 12
8965 1 3 9 10 17
10865 9 2 3 17
89691 19 12
4347 8 16
295830 8 1 10 17
59678 1 5 17
1786 8 20
11075 8 19 12
152737 8 5
5123 8
156711 16 5
818 17 5 6 1
816 17 5 6
817 1 2 5 6 17
6972 8
262543 17 19
10641 8 16
50479 8 9 10
19995 1 2 10 17
99861 1 2 17
13483 19 6 15
11005 8
19255 8 16 5
9598 8 9 10 5
9447 2 5 8 9 10
1164 8
8780 5
11212 1 2 5 9
262551 5
331836 5
12309 5
84174 16 5
383869 5
15596 5
105 17 2 5 9
165 1 2 5 9 17
196 1 2 5 9 17
228973 8 19 12
2924 1 6 8 15 19
332704 12 15
94380 8 1
9737 1 2 5 6 8 19
8961 1 2 5 6 19
3132 1 2 19 5
140 8 16 19 6
208134 5
12143 8 6
172828 12 5
376659 5
10147 8 5 6
338964 8 5 6
9964 1 12 5 17
52449 5
209403 5
3133 8 6
118957 1 19 12
348892 8 1 5 16
9750 5 6
21032 9 2 3
3170 8 9 3
13205 8 9 3
11302 5
331214 8 1 20
1969 1 21 5 6
3172 16 1 5 6
23367 8 9 13 5
327040 8
13184 1 19 6
11867 1 17
8069 17
250349 5
10611 8 5
326423 5
15015 9 3
15165 9 3 5
15167 9 3
15016 9 3
242042 8 16 5
248574 1 2 5
46829 8 5
9907 9 3 5
3175 8 16 20
290 8 5
14013 5
10782 1 6 8 15 19
402 19 15
3093 19 6 15
333669 1
2661 2 5 6 9 17
415 1 10 6 17
242643 3 1 19 6
366924 1 3 17
272 8 1 6
16234 9 3
414 17 10 1 6
13851 1 2 3
14919 1 2 3 9
364 1 6 10 17 19
123025 1 3
142061 1 3
382322 8 1 3 6
40662 1 3
209112 1 2 10
69735 1 2 3 6 17
11548 9 10 5 17
16873 1 2 3 9 17
1705 1 17
44943 1 17
3176 8 2 19
3177 1 19
44833 1 2 19 17
643 8 11
325553 8 17 2 1
69315 8 17 19 1
105077 8 17 2 1
4551 5 6
4953 8 5
1281 5
283587 8 20
84175 8 10
109491 8 16 10
9283 8 16 5
39285 16 5
197796 16 10
13313 9 3
14177 16 5
3179 3 5
1257 5
2977 8 16
1636 16 10 5
12335 2 3 5 9 10 13
10202 16 9 10 5
5559 9 2 3 5
9988 5
11806 9 5
10438 9 5
4011 10 5
204922 19 15
301804 8 10 19 12
132344 16 8
76 8 16
80 8 16
7972 8 19 6
283350 8 16 5
198277 16 8 13 5
55347 8 16 5
259018 5
8007 8 1 19 20
119675 8 16
492 8 10 5
10322 8 5
86467 8
205601 8
204668 2
649 8 16
20235 9 3
12590 19 12 15
271969 8 2 11
455 8 16 5
1685 17 2 15
4104 8 16 5
2310 10 3
116811 8 19 12
30508 8 13 5
92591 8 5 6
13785 5
14405 9 2 5
90 1 5 6
96 1 5 6
306 1 5 6
9622 1 5
9722 16 10 5
241771 16 8
284289 19
182415 8 5
2277 17 5
5156 8
75198 5
2280 5 8 9 10 16
171540 5 6
9032 8 5
87093 8
11870 9 5
587 8 2 10
230179 1 2
177572 1 2 3 5 9
78698 8 16 2
9600 5 6
11565 5 6
38322 1 5 6
9843 1 5 6 8 19
13161 5
6978 1 2 5 10 12 15
1649 2 5 9 10 17
1648 17 2 5
71 8 13 5
293767 8 20
11017 5
1727 16 1 2 5
194662 8 5
11296 8 11
10740 8 19 15
2084 19 5 6
323020 5
10497 8 16 19
45958 8
9075 8 19 20
1075 16 5
9656 19 12
41215 1 8 12 15 19
24804 1 5
855 1 11 20
11469 2 10 5
261023 8 6
253331 8
4105 1 19 6
246080 2
3603 12 5
7874 8
44214 8 19 15
201088 1 6 8 15 19
36647 1 12
36586 17 19 12 1
78 8 17 19
36648 1 2 10 12 17 19
9955 8 1 5
351211 19 12
11622 16 5
11072 21 5
232672 5
918 16 5
8338 8 17 19 15
55846 1 19 6
22164 8 1 19
1372 8 1 19
309886 1 19
11368 8 19 6
190955 8 19 6
9573 8 19 6 15
168705 1 2 10 12
11690 1
4133 8 6
11644 8 19 15
1052 8 19 15
9266 2
152584 16 8
160588 8 5
188166 19 6
11001 1 19 5 6
6341 1 6 8 17 19
46705 8 16
793 8 19 6 15
11568 1 5 13 6
9557 5
10741 8 11
11507 19 15
14412 8 16 19 6
12113 8 1 19
14181 8 19 6
13053 9 2 3 5
294963 8 2 12 21
475 8 6
380124 12 5
8968 8 19 12 15
4995 8
11531 19 12 15
11066 8 16 5
496 5
2604 8 20
347201 1 10 3
13685 8 5 6
10862 8 16
9303 8 16 19 6
9702 8 1 19 6
310137 19 12
13062 9 3
11353 5
14748 8 6
85350 8
226 8 6
650 8 6
763 12 5
197 8 1 11 20
68 17 5
4169 8 11 19 6
2163 8 1 19
164 8 16 5
145 8 16
270400 8
269 8 6
11064 5
375798 5
9270 8 15
254473 8 1 6
57825 8 16 13 5
11932 12 5
229 17 12
10521 5
55721 16 5
296098 8 19
1265 8 9 2
9801 16 5
95610 5
634 16 8 5
851 8 16
29963 8 16
1588 5
11211 5
15261 5
10678 5
8649 8
900 16 5
18480 5
142 8 16
17707 8 19
9208 8 1 2 19
98357 8 19 6
8088 8 16 19
308 8 16 5 15
18533 8 1 6
167073 8 16
26390 8 19 6
10009 9 2 3
10010 9 2 3
6312 1 2 11 12
7445 8 19 20
310 10 5
9707 5 10 12 15 19
9683 8 16 2 5
9464 16 8 5 6
10206 1 12 5
12526 19 12
287 16 5
70074 1 19 6
10723 1 2 19 5
11817 1 10 5
11382 1 19 5
63310 8 6
916 8 1 19 6
9517 8 6
30618 8 1 19
26388 8 19 15
50204 19 5
42297 8 16
4944 8 5
13413 9 3
295964 8
255798 12 5
642 8 11 21 6
79697 5
13250 8 19 6
314385 8 16
102780 8 10 19
10784 8 16 13
9317 17 5
298584 12
445 8 19 15
11977 5
14008 5
35554 5
339397 8 16 5
284276 8
9453 8 16 11
157832 8
13655 8 9 13 5
44244 13 5
244506 8
13043 5
38277 5
375804 5
4441 8 16
9529 8 19 12
8689 2 12
15037 8 16 5
1598 19 6
398 8 6
11935 8 1 19 17
271110 1 17
1771 1 2 17
100402 1 2 17
1722 8 16 11
334533 8 16 2 5
109424 8 1 19
331190 8 19 6
14125 19 12 6
317744 19
34069 17 19 15
6075 8 1 19 6
72113 8 5
258480 16 8
133805 8 12
25769 1 8 12 17 19
920 9 2 3 5
49013 9 2 3 5
80304 21 5
289 8 16 20
9681 5
28355 19 12 15
66118 5
12225 8 16 5
524 8 6
12208 1 2 5
8839 9 10 5
4787 8 19 6
8358 8 2
18438 8 16 5
10515 1 2 3 9 10 16
10142 8 11 20
261 8 16
13668 8 16 5
640 8 6
10992 9 5
39691 9 5
10552 19 12
314 1 6
52067 5
9466 8 5
84184 8 16 5
168098 17 19 12
33273 8 1 19
9759 1 2 19 6
21588 8 10 12 5
302699 1 5
666 8
23759 8 1 19
12123 2
116979 19 12
58232 16 5
3580 8 6 15
1537 1 2 19 6
15709 5
5289 8 1 6
12912 8 16 5
10435 8
198184 1 6 17
4808 16 19 5 15
9443 8 11
118 9 2 10 5
8669 8 5
6538 8 11 5
4327 1 2 5 6 19
9471 1 2 5 6
9986 9 10 5
2255 8 16 5
14844 16 5
82684 8
48946 8 19
8881 8 11 20
8880 8 11 20
175291 8 5 6
11007 8 9 5
9641 5
212778 5
93856 19 12
1574 1 5 6 8 13
9982 9 3 5
7443 9 3 5
181283 19 6
21334 8 9 5
9693 8 1 19 17
10823 8 10 19 12
79707 8 3
10585 19 12
11186 8 12
11187 12
829 8 19 6 15
206408 8 16 5
98567 1 2
11708 2 5 9 10 13
28211 8 19 15
392 8 16 5
13973 8 5
9519 8 19 6
8769 8 19 12 15
13673 9 5
76726 8 17 19
11104 8 16 5
150689 16 9 10 8
14128 16 10 3
16119 16 9 10 3
921 16 8 11
11216 8 16
335866 8 17 19 12
24418 19 1 2 10
15 8
28053 8 5
901 8 16 5
795 8 16 10
13600 9 2 10
598 8 6
1406 1 2 5 8 21
11310 8 1 21 5
13688 5 8 9 10 17
18823 1 2 10
13252 19 6 15
95516 8 19 6
9331 8 1 19
133790 5
8095 8 16 11
2292 5
2295 5
9339 8 16 10 5
9350 1 2 19
840 8 17
146223 8 19 6 15
2288 8 16
83542 8 17
246860 8
22794 9 3 5
109451 9 3 5
7191 1 19 17
112454 12
11217 12 5
15196 19 5 6 15
9603 8 16 5
7214 8
9874 1 19 6
114606 12 5
7520 8 16
18955 5
11156 8 11
10328 8 17 5
2577 8 16 19 17
883 8 5
220289 17 19
12767 8 19
244509 8 19
2289 8
1538 8 19 6
345920 8 16
9884 8 1 19
195590 1 19
62835 8 1 19 6
318781 8 16 11
2124 8 16 19 15
25237 8 1 11 20
276908 8 17 5 16
9602 16 5
10999 1 2 19
84188 8 19 6
1701 1 19 6
37430 1 2 10
9610 1 2 10
321741 8
9612 17 5 9
54186 8 19 15
4912 5 6 8 16 19
20048 16 5
11132 16 9 5 13
10743 1 19 5 6
10329 1 2 8 15 17 19
325848 5
1688 1 17
8834 8 1 19 15
561 8 10 12
686 8 17 15
39538 8 17 19
266 8
77866 8 1 19 6
204349 19 12
5708 8
45094 8
903 8 6
864 5
14239 10 3 5
241843 1 12 5
310133 19
23742 1 5 6
1710 8 19
3933 16 10 3 13
49014 8
19899 16 5
10684 8 19 20 15
11299 1 3 17
49849 1 19 21 17
6282 5
35052 8 19 15
10623 8 1 6
1948 1 19 6
15092 1 19 6
884 8 16 19
25196 8 16 13
10691 8 16
10973 17 2 12
312221 8
8555 19 12 15
16281 10 12 5
16288 12
10238 8
11562 8 5
302156 8 17 1 6
334527 8 19 6
201085 8 10 12 15 19
60672 1 19 6
8963 8 1 19
9671 2 5
9396 2 5
9290 2 5
11655 8 19 12
17130 1 2 5 8 9 13 16
263341 8 1 2
796 8 16 19
9768 5 13
10092 19 12
201086 5
431 17 19 15
437 17 19 15
438 17 19 15
10489 19 12
9975 9 2 3 5
11894 8 9 5 16
167032 19 12
1494 8 1 10
10012 12 5
1408 1 2
70821 8
10134 1 17
10133 17 19 15
11673 8 16 11 5
39053 8 16 5
10375 1 19
11164 8 1 5 9
10680 8 1 5 9
10708 9 5
319341 5
274167 5
152532 8 11
10766 8 1 19 12
7211 16 8 5
16 8 13 6
581 8 2 21
859 8 16
9909 8 6
256924 8 13 5
9619 1 2 19
9480 1 6 10 17 19
2666 17 15
182560 8 19 15
62213 10 5
145135 17 19 12
1410 17 5
9009 8 19 12
9556 1 17 6
11056 12
10727 19 12
387 1 2 8 11 20
10073 5
35056 5
339792 13 5
924 1 10 12
119450 8 17 19 1
40619 2 3 5 9 10
13613 1 19 12
2269 10
19901 1 10 12 17 19
11228 1 2 19
16642 8 16
2119 2
9571 8 5
10493 8 19 12 6
11427 19 12 15
922 8 10 21
102362 8 1 19 6
687 8
12877 8 19 6
9442 5 15
207 8
293771 17 12
14001 12
14451 12 5
97614 8 19 6
293660 16 1 2 5
22971 8 16 20
114750 8 5
34803 5
9374 10 5
16007 10 19 15
4192 15
1991 1 19
10483 1 19 17
51620 1 19 17
13282 1 5 17
156717 1 19 17
11835 8 1 19 6
9275 8 19 5 6
17466 1 6 8 15 19
13939 8 1 19 6
323373 12 5
13018 8 19 6 15
9969 9 5
2639 8 5
8914 1 19 12 17
8656 1 2 8 16 17 19
20126 19 12 15
9457 1 2 12 17
296524 1
34769 8 1 5 6
13813 8 1 11 20
8390 16 5
81342 8 16 5
892 17 10 5
184346 19 12 6
10669 8 2 19
146239 5
303991 8 5
9739 1 2 5 17
234212 19 12
14029 12
12139 9 5
16804 8
8999 8 19
277217 1 2 5 9 13
86331 8 16
8068 1 19 6
20352 9 3
93456 9 3 5
74308 8
48492 8 1 2 15
68684 17 12 5
11453 5
10402 5
44040 19 12 15
79316 12
152792 8 19 6
314402 8 6
827 8 19 12
521 19 6 15
681 1 2 19 17
118289 8 16
33217 9 5
82650 9 5
60307 9 5
13025 1 12 17
8592 1 2 5 6 19
24438 5
36669 1 2 19
562 1 19
1573 1 19
1572 1 19
8736 5
38778 5
10567 9 3
88 8 16 13
10677 8 16
291870 2 5
984 1 19 6
3472 8 19 6
10141 5 6
8984 6 8 15 16 19
127517 8 19
15357 1 19 6
17654 1 19 17
10045 1 19 17
8271 8 19 15
157350 1 19 17
393729 8
7551 1 19 17
10772 1 21
68718 8 21
298614 5
925 8
298729 16 5
9053 1 2 19
11821 16 5
3050 9 10 5
284052 1 2 10 17
313106 17 2
907 8 16 20
9472 5
968 8 19 6
11880 1 19 12
20606 12 5
1832 10 2 5
38810 8
553 8 19 6
11929 8 19 6 15
62837 8 9
192134 8 5 6
9923 1 6
138697 8 5
1909 16 8 5
9366 8 19 6
141 8 10 15
10607 5
46261 10 19 12
300669 19 12 6
931 8 19 12
8290 20 5
12103 19
356298 8 5
1254 8
8814 1 2 12 17 19
13460 1 19 17
308639 8 5 6
23488 8 10 19
9594 8 1 19 6
996 8 19 15
10398 8 19 6 15
9405 1 19
14359 8 15
1554 8 5 6
9101 5
10720 16 1 19 5
613 8 11 20
6114 16 12
10577 19 12
12110 12 5
49017 1 8 10 12 20
200505 8
16871 19 12
10023 1 5 6
126963 1 3
303857 10 1 2 3
300168 8 1 2
10800 9 3
10423 8 1
10253 1 8 10 12 17 19
10052 8
8840 10
91417 2 3 5
6171 8 17 19 12
1125 8
9805 17 5
49049 1 17
11033 19 12 15
8457 5
172533 16 8
64690 8 1 19 6
47327 1 10 19 6
10477 1
403 8 5
10379 9 10 5
110410 8 1 6
476 8 6
13497 8 16 13 5
11230 1 5
3063 5
336 21
10837 2 3 5 9 10
8859 5
41733 8 5
839 1 19 12 15
8467 5
100042 5
10152 5
11360 9 3
841 1 2 17
11849 1 2 10 17
7288 1 19 5
16558 19
297596 8 19
43935 1 5 12 15 17 19
13027 1 19 15
238603 9 2 17
220 8
2252 19 6 15
37735 5
624 8 1 2 6
38167 8
16325 1 6 15
522 8 11 5
15251 5
17159 5
319888 8 11 5
13510 19 12
12201 8 19 6 15
137113 1 17
11374 5
162 8 16 10
9036 8 9 2
8869 1 19 12 5
9367 1 19 6
9451 5
9947 1
1807 8 6
10719 16 9 10 5
7347 8 1 6
47931 8 1 6
4518 8 11
4517 8 16 11
9621 8 16 5
14442 9 10 5
337674 8 19
301348 11 5
68724 8 17 19 1
336808 8 2
329010 19
337556 8 16 10 2
97795 19 12
3573 8 16 5
127372 8 11 20
10110 8 11 20
13531 8 5
169209 8 1
9794 16 5
4523 16 9 10 5
10406 9 5
9946 1 10 12 15
77016 8 19 6
80274 17 2 1
226857 8 16
181886 19 15
853 20
11864 8 17
9798 8 1 19
1957 8 19
209263 8 16 5
9461 1 19 6
34647 8 10
188222 5
1844 16 8 15
10710 5
116711 10 9 2 3
301875 8 16 17
7299 1 19 17
2486 1 10 2 9
106021 1 19
9268 8 1 19 15
985 8 17 10 12
462 8
126319 8 9 3 5
10734 8 6
1103 17 1
68179 2 3 5 9 17
1687 1 17
107846 1 19
17360 8 1
255343 16 19
38 8 17 16
174772 17 19
9352 5
2698 9 10 5
8413 17 12 15
9454 8 16 5
253412 8 2
277355 1 19
15417 16 1 2 5
295699 5
26171 8
9716 16 5 13
340 8 5
11624 5
765 10 12 5
8818 8 11 13
9397 1 5 17
264660 8 17
29917 19 15
11527 10 2
84194 12
2320 8 1 2 19
1946 1 19 12 17
10877 1 19 6
147441 8 1 2
11586 10 19 12
11026 19 12 15
305932 5
309299 8 11
9872 2 9 10 16 17
331962 8 19 6
338676 8 17 12
12569 5
265016 17 12
64685 8
333352 8 19 20
345 8
31417 6 8 12 15 19
754 1 19 6 17
70577 8 19 6 15
214030 5
1714 8 17
6877 5
38363 8 19
283378 2 8 10 16 19
11220 8 1 16
37094 8 19 6
28665 8 16 5 13
342281 16 5
278468 3
278427 17 10 3 5
278604 17 3 5
65215 3 5
13532 2 5
5961 8 10 15
756 9 10 3 13
49948 9 10 3 13
1979 19 1 2 10
259316 1 2 10
166424 1 2 17
16306 17 10 3
2161 17 2
11259 8 16 2 21
10712 8 16
250734 16 8
275 8 19 6
13804 8 1 19 6
82992 1 19 6
51497 1 19 6
8324 8 19 5
13342 5
41283 8 1 19 6
10998 8 16 19 12
11846 16 5
11862 5
254172 8
10543 8 16 19
1878 8 2 5
15097 5
7549 8 1
10070 1 12 5
13012 8 1 6
9280 16 19 6
393457 8
13225 17 10 3 9
9377 8 5
11431 8 16 5
14811 8 16 13
10288 16 8 12 5
2323 8 10
341174 8 16
351819 16 5
216015 8 16 19
550 8
17336 1 2 6 8 19
85889 8 5 6
9532 12
9358 12 15
9286 12 15
55779 12 15
2114 1 2 3 10 17 19
277558 8 1 19
9950 8 1 5 6
127380 9 3
711 8
12 9 3
866 8
15613 8 19 12 15
139567 8 1 19 6
17927 5
10724 17 2 19 1
11495 1 8 10 12 19
9754 19
5910 8 6
1368 1 2 19 20
13969 8 9 5 16
6520 8 1 2 16
24469 8
11713 8 1 19
17809 1
252607 5
9343 8 1 2
381356 5
26617 8
3683 8 11 20
3604 17
535 8 16 13
1551 8 17 19 12
13195 8 19 6
9749 5 6 15
14628 5 6 15
87502 8
10122 9 2 17
11866 8 1 2 19
9315 8 19 15
43949 16 8
315664 8 5
9574 9 5 17
11619 9 2 3 5
133698 16 5
9664 1 2 8 11 16 20
62046 5 6 15
256591 16 8 5 6
11660 8 19 6
8676 5
1968 8 16 5
1788 8 9 13 16
938 21
13930 9 3 5
699 1 2 19
830 17
265189 8
1641 5
10326 2 8 10 16 17
9870 16 8 5
13 8 16 5
354110 8 21
12088 1 19 17
8292 1 6
12193 16 8 5
37495 8 5 6
5 5
712 8 16 5
87492 8 19
6145 19
11348 19 12
12149 8 19 6
121986 8 5
171372 8 5 15
876 1 2 10 17
3036 8 17 12 16
62214 9 3 5
10675 1 6 8 15 19
377263 8
136 8 12
218784 17 12 5
10330 9 10 5
5375 8 1 5
13166 5
11284 19 12 5
175574 9 3 5
167581 8 16
316152 8 1 11 19
1634 9 2
9073 2
1646 8 6
306745 16 8
11183 5
33701 5
21435 5
397 16 5
273169 5
573 8 19 6 15
218425 16 17 15
10559 8 17 19 6
1360 8 16
10634 8 5
13416 8
13207 12
9731 19 12
9725 19 12
9728 19 12
10225 19 12 15
10281 19 12
10283 19 12
9730 19 12
1633 8 5
368031 19 12
50544 16 5
80038 8 16 5
8998 8 16 5
58151 12 5
755 1 19 12 6
12095 1 19 12 6
768 19 12 15
11426 8 16 20
26389 1 19 6
657 1 2 19
83389 8 3
13492 8 1 19 12
11499 8
44363 19
326359 9 2 3
10183 8
157354 8
233063 5
329263 5
600 8 20
82679 5
7552 5
13320 16 5 13
8461 19 12 6
20829 8 5
168259 1
35169 5
228150 8 1 20
7249 17 3 5
13253 17 3 5
15060 3 5
12889 17 10 3 5
19585 1 2 5 9 10
926 9 5 17
11646 8 2 11 20
46429 1 12 21
97434 5 6
91010 8 11
18501 1 19 17
783 8 11
3131 8 11 6
82682 8 1 19 6
401 8 16 5
8920 9 3 5
9513 9 3 5
782 16 17 19 15
81250 8 9 5
267192 8 11
759 16 5
10603 16 9 2 5
13159 8 16 5
13929 9 3
186759 5
10461 8 1 19 6
257091 5
32823 5
44718 8 5 15
239566 8 13
419430 19 12 5 15
10060 8
8012 19 5 6
11665 1 19 5
80389 8 1 19 6
146227 1 6
251 8 10 15 16 19
4816 8 1 6
9323 1 3 17
12140 8 17 3
1250 1 10 19 12
71676 1 10 19
9645 19 12 15
12797 16 10 5
1548 8 5
43074 1 10
2978 1 5 9 10 17
12556 16 10 5
10016 1 12 17
14533 8 16
1712 8 1 21
8046 8
3767 8 16 19
9871 8 12
3558 8
72890 5
3635 8 16
312791 19 12
98 8 1 2
9504 8 6 15
9665 20
9918 8
45772 9 3
9430 19 5 6
9815 8
9763 8
74306 8 5
245859 8 13 5
249660 8
205584 1 2 10
11058 8 17 19 12
929 17 19 1
38073 8 16 5
710 1 2 19
658 1 2 19
8882 8 6
79548 8 19
4771 8 6 15
210577 8 19 15
9679 1 19 6
770 8 16 20
338 8 16 5
277839 5
253626 8 1 19
10030 8 16 5
801 8 20 5
262338 1 19 6
489 8
769 8 6
284303 8 19 12
74387 5
257445 2 12 5
10130 8
5279 8 19 15
4970 19 12
84204 17 19 12 5
215211 16 8
13223 8
777 8 11 20
220286 19 15
309304 8 5
9900 5
50698 19 12
134366 12
12477 8 3 20
49047 8 17 19
621 16
9037 5 8 9 13 16
348089 13
121674 8 16
44912 1 2 19 17
65291 1 2 3 17
313922 19 12 6
8923 8 6
22972 8 1 2 19
27583 8 16 5
927 10 12 5
928 10 12 5
9766 8 1 2 6
267193 1 5
285923 1 19 12
9434 16 1 19 5
137 16 8 10 5
38365 5
109418 5
64807 5
11520 16 9 5
118340 1 2 17
11638 16 5
1879 8 16 5
38745 5
18415 8
28178 8 9
10428 8 1 19 6
324786 8 11 20
270487 8 13 5 15
10654 8 13 11 5
11054 5 8 9 13 16
9490 5 6
7859 8
48988 5
2082 12
11357 19 12
11361 19 12
11675 19 12
24150 12
10676 17 12 15
11442 19 12
10987 19 12
10652 8 1 20
10549 8
192538 1 2 11
8960 1 10
4929 21
50456 1 2 19
5143 8 5
18126 5 8 9 13 16
9740 8 19 12 6
1248 8 19 6
200462 12
60304 1 10 12
10683 8 5
121936 16 5
9836 3 5
65759 9 3 5
9614 5
10503 8 5
14537 8 1 11
11782 1 19 6
2652 8 19
8052 8 19
11258 19
2019 1 2 19 6
9569 1 19
20857 16 5
325348 1 2 17
13335 2 5
11282 2 5
343 8 16 5
8989 9 10 5
25941 8 1 19 6
672 9 2 10
12444 9 2 10
12445 2 10
674 9 2 10
767 9 2 10
675 9 2 10 15
671 9 2 10
673 9 2 10
7873 8 1 19 6
10592 8 20
11787 8 5
11908 12 5
146243 12
166271 19 12 15
77887 2 3 5 9 10
70435 1 19
9469 8
279690 8 19 12 5
269258 8 5
70670 19 6
51241 8 16
10015 8 1 20 5
41211 16 5
10833 16 5 6
11313 8 15
949 8 1 19 6
2640 8 5
236751 8
1024 8 10
11827 17 3
254375 8 2 5
336004 1 19 6
338766 8 21 6
9064 19 12
1487 1 10 17
11253 17 2 10
320588 8 16 5
9003 12
8766 17 19 12
11569 19 12 20
10692 8 19 12 6
53172 5 6
152601 16 17 8
11451 2 5 9 10 16
184315 1 2
87826 1 5
44603 8 10
79 8 1 2 11
10184 16 8 5
44835 8
94363 8 5
2023 2 21
360784 19 12
381284 8 11
11096 19 12 15
12493 8 19 6 15
11560 8 19 6 15
243 8 16 13 5
288 21
11901 21
10947 8 9 13 5
13649 8 9 13 5
11887 5 8 9 13 16
382399 8 16 13
10226 19 12 15
254302 8 1 17
8009 1 2 10
8010 1 10 17
271724 8
5544 8 16 11
3085 8 16 5
10156 5
109513 16 1 5
8488 8 16 5
112336 8
1620 8 1 19 6
249070 1 19 6
49010 1 19 5
10439 9 10 5
8326 8 9 2 5
9383 1 19 17
80015 5
9689 8 5
11375 1 2 19 5
1249 8 19 6
9713 8 5
103328 8 10
228161 3 5 9 10 17
771 9 5
772 9 2 5 6
9714 9 5
12536 9 5 6
13700 9 3
276839 8 5
204082 1 19
6878 8 9 2 5
10028 13
11158 9 2 5 17
9354 9 2 5 17
11425 1 2 5 9 17
254191 12
10982 9 3 5
879 9 2 10 5
5693 8 9
50359 3
82696 8 16 5
149509 8 10 19 12
51540 5 6
227159 5
18476 6 8 12 15 19
12222 2 3 5 9 10
2026 8 19 6 15
1690 12
1691 12
71670 12
4638 1 5 6
268920 1 5 6
10074 1 5
9595 1 20 5
9255 1 20 5
23048 17 2 5
243938 5
6418 8 13
15189 9 5
205 8 11 20
76492 9 10 3 5
159824 9 3 5
102207 2 5
172803 8 19
11415 12 5
82505 19 12
2662 12
9550 8 1 2 16
11093 8
10066 12
11377 19 12 15
253306 19 12 5
10407 16 5
42888 8 16 5
8386 5
162215 8 1 19 20
8871 9 10 5
259694 16 5
9919 16 5
13092 16 8 5
10297 16 5
3001 16 5 6
10191 3 9 10 2
82702 1 2 3 5 9 10
10658 17 10 5
301846 12
4935 2 10 3
9292 1 2 5
44826 8 9 2
1927 1 17
244088 8
10360 8 11
371645 8 2 5
2882 8 5
376570 19 12
10476 8
75802 16 5
6479 1 8 12 17 19
46529 1 2 19 17
10950 8
332411 8 1 19 6
250219 5
374473 8
70868 5
100241 19 12
150117 16 5
1599 16 5
26280 8
319340 5
3597 19 12 15
19840 16 5
16538 5
8952 8 16 5
3563 16 5
244267 8 17
2048 1 17
49797 19 12
25239 19 12
207768 19 12 6
357096 19 12
8427 1 2 19 5
3600 19 12 15
109689 8 16
414190 1 19 6 17
425 9 2 3 5
79218 9 3
278154 9 2 3 5
57800 9 2 3 5
8355 9 2 3 5
950 9 2 3 5
13374 5
9696 1 12 5 6
209274 8
2832 19 15
109431 5 6
7512 17 2 5
6552 19 12 5
249164 8
15775 8 16 10
14248 9 10 3 5
3782 8
8832 8
170354 5
310126 5
5488 8 16 5
25300 8 19 6 15
144789 5
19724 8 9 10 5
85041 5
5552 8 1 17
37958 8 1 10
374617 8 19 6
4965 1 19 17
10806 16 5
44716 8
8321 8 5 6
1901 8 16 5
11931 8 16 5
252822 1 19 5 6
256474 1 19 6
13975 8 19 6 15
205775 1 2 8 11 19
10633 8 19 6 15
121875 8 19 5 15
9386 1 6 8 15 19
19833 5
843 8 16
2654 19 12 15
7984 8
2312 8 1 2 10
5879 8 16
6973 6 8 11 15 19
49530 1 19 17
226448 8 16 17
46738 8 20 15
27205 1 2 15 17 19
64956 19 1 3 17
4478 8
602 1 2 17
47933 1 2 17
217 1 2
89 1 2
87 1 2
10775 1 6 8 15 19
11647 8 1 19 6
207932 19
244539 8 5
16869 8 1 19 20
171274 5 6 8 15 16
2309 9 2 10
1730 8 19 12 15
2614 1 5 17
13312 12
86829 8 13
388 8 19 6
150540 9 3 5
49018 19 12
91586 19 12
280092 8 19 12
320 19 6 15
332 1 2 5 9
12117 8 19 15
211954 8 5
262500 17 2 19
20312 2 5 8 10 15
157336 8 17 2
628 16 12
11968 1 2 19 6
334538 8 17
216282 1 19
5915 8 2
224141 10 13 5
11775 16 5 6
63207 8 19 12
11850 17 19 12 15
22954 8 11
11652 8
14756 8 1 11
37472 8 1 11
365222 8 1 11
182127 8 1
1726 1 2 17
10138 1 2 17
68721 1 2 17
10679 1 5 17
38543 16 1 2 11
282984 8 15
979 8 19 6 15
173185 5
10660 8 16 5
270303 19 12
3078 16 5
33689 16 9 5
375572 8
320316 5
37725 16 10 5
11576 1 2 5 6
1585 8 9 10
22897 16 5
43923 8 5
338189 8
7095 8 17 5
71880 5
204436 2 3 8 10 16
9745 8 9 10 5
75780 8 19 6
343611 1 6 8 15 19
137094 8 1 19
81005 1 10 9
13932 9 2 3
9012 5
376866 8
184 8 1 19 6
2291 8 12 15
10539 9 2 3
38684 8 16
174751 8 1 21
172106 8
25 8 20
11533 9 2 10
324668 1 19
10285 19 12
11470 17 12
578 2 19 12
579 19 12
17692 12
2294 5
13672 8 1 5 6
8922 19 12
11351 19 12
82532 8 5
266639 8 2 10 13
19994 12 5
342474 8 5
11943 8 1 21
9390 8 16 5
209451 8 13
9541 16 5
339547 12
203834 19 12
12545 8 11 13
820 8 11 19
12589 1 2 3 5 9 10 17
9279 9 5
115782 8 11
157847 8
10956 2 5 8 15 16
2565 16 17 10 5
49529 1 2 17
75761 12 5
8470 8 19 6
9293 5
245891 1 19
324552 1 19 6
9486 1 2 5
58233 1 2 5 6 19
9886 1 2 8 17 19
12776 5
2440 8 19 20
20533 1 8 10 19 21
16366 9 3 13
72545 1 2 17
88751 1 2 5 9 17
170657 1 10 2 5
274479 8 5
10866 8 19 15
11661 8 11 13 16 20
11838 12
9482 17
821 8 11
16136 8 1 19 6
1628 8 16
52274 19 12
24803 16 8
332872 8 16
8844 9 2 10
8247 17 2 10
9446 9 5
6280 16 17 5
7326 8 16 5
76757 17 10 2 1
329 17 2
331 1 2 19 17
135397 1 2 19 17
258099 8 16 5
9061 8 1 19 15
10033 16 5
50546 16 5
9007 16 10 5
12090 5
10025 5 8 9 10 16
56715 17 10 5
38093 8 16 5
30061 1 2 3
76589 19 1 3
323027 1 10 3
183011 1 2 3 10 17
14011 1 2 3 17
297556 17 2 3 1
217993 3
8665 8 19 11
10345 1 2 5 6
167 8 17
46837 17 5 15
11953 8 1 11 20
4254 8 5
10909 19 6
10628 2 5 6
11232 16 17 10 5
342521 1 5
9687 5
4967 5
331313 1 5
14859 8 9 16
11589 2 20 5
7090 8
11016 8 19 6
23483 1 6
59859 1 2 6
10222 1 19
9981 16 9 5
9344 8 6
16859 8 10 2 3
384798 1 12 17
74725 19 12 6
237756 19 5
245916 8 19 6 15
157370 8 16 19
318922 19 5 6
49021 1 2 19
73567 8 19
16296 17 12 5
37821 16 1 19 5
77663 1 19
64689 19 6
507 8 1 19 6
11898 8 5
951 5
9477 2 11 20
10730 1 2 8 12 17
5718 8 5
9558 19 6
9838 1 2 5
1495 1 2 8 11 20
11543 5
390734 1 2 3 8 10 17
207703 1 2 5 6
11184 8
21348 3 9 10 2
5236 1 5 6 15
2140 1 19 6
9437 8 19 6 15
13928 9 3
37834 1 5
86835 16 8
74461 2 10 12 5
263472 8 19 12
4964 16 8 5
158 5 6
13811 1 2 8 15 17 19
53174 5
70667 2 11
287903 10 12 5
146229 19 12
13417 9 3 5
849 1 10 2
313297 10 9 2 3
244563 8
9470 1 10 5 6
290864 1 19 6
9502 9 3
49444 9 3
140300 1 2 3 5 9
251516 1 10 5 17
11891 1 5
16620 8 13
439 8 5
9322 1 19
406 8
662 16 17
313369 8 16 13 5
38397 5
83564 9 10 3 5
405 8
15449 5
1407 16 8 13
86868 5
130150 8
19794 16 5
13597 9 2 10
287495 8 11
11128 8 1 19
10340 9 3
18269 3
9697 8 10 19 15
526 2 10
19666 8 16 2 13
244264 16 5
9825 1 5 12 17 19
13279 8 19 6
335578 8 11 20
11683 12
18162 17 2 5
1995 19 1 2 10
1996 19 1 2 10
57331 1 2 19
59861 16 8 5
6615 16 8 5
9593 1 2 5 9 10
17379 8 2 5
308504 1 2
9333 8 1 19 6
23830 8 16
296065 19 12
1643 8 16
137093 5
1939 6 8 15 16 19
110160 8 16
286192 3 5 9 10 13 16
22803 8 19 6
82633 8 6
947 8 2 11 20
11141 16 1 19 5
4836 8 19 6
279096 1 5 17
85872 5
248390 5
5511 8 19 6
25195 16 5
4942 16 8 5
12834 8 19 5 6
451 8 16
218043 1 19 17
8835 5
10327 5
11976 2 10
41216 10 9 2 3
4476 8 16 20 21
22894 12
65218 8 5
11774 9 2 10 5
101 8 19 6
283704 8 11
11811 19 12 5
4415 8 16 11 6
325844 5
66129 5
369776 5
18238 12 5
41402 8 12 15
13310 8 12
276488 12
941 1 2 5 6 19
942 1 2 5 6 19
943 1 2 5 6 19
944 1 2 5 6 8 19
193893 5
1251 8 1 2 20
37056 8 16 5
14372 1 2 12 17 19
1624 5
84306 8 5
709 1 2 19
13704 9 5
2959 5
300153 8
244566 16 12 5
11457 8
38408 16 8 5
637 8 5
583 5
209189 5 6
87827 8 1 2
16643 8 16 5
260001 16 5
13321 19 20
11954 1 10 12 17 19
13060 17 3 9
345911 19 12
60420 8 16
177945 8
309581 8 19
11544 9 3
20760 9 3 5
12093 8 6
51876 17 19 15
72976 8 20
334543 8
9399 1 19
4515 8 1 2 11
11040 8 1 21 5
14846 16 8 5
256962 8 20 5
1440 16 8
39451 16 5
11479 8 9 2 5
9072 5 6
16553 5
773 8 5
31203 5
9678 16 10 5
10776 13 12 5
48034 8 5
9587 8 16
253 1 2 19
259695 8 6
1571 1 19
100 5 6
9972 1 2 6 8 19
210479 8 19
81796 1 19 17
263115 8 1 17
10803 16 1 2 17
80271 8 16 5
21861 5
9769 8 16
341392 5
48838 8 6
267860 1 19 6
193756 8 1 19 20
318917 5
9494 16 5
11982 16 9 5
9356 16 5
10715 9 3 5
59967 1 19 17
10847 8 2 19
1830 8 19 6
9787 8
121835 8 19 20
2007 8
10642 8 16 5 9
17612 8 16
638 8 19 15
2157 9 2 17
153 8
167810 10 19
292431 8 16
296360 8 16 5
271714 8 13
43347 8 16 5
508 16 8 5
11686 11 5
140222 8 16 20
270343 16 5
25643 8 16
168055 16 5
85735 16 5
8424 8 16 5
200727 16 5
9062 8 16
333348 9 5
27902 16 9
77805 8
339419 8 16
35026 21 2 5
186 8 19 6 15
240832 1 17
15371 2 3 5
4588 8 1 19 16
832 8 1 19 6
225728 8 11 20
37931 1 2 5
23631 1 19 5
106747 1 19 6
45610 1 19 6
9659 1 2 19 17
8810 1 2 19 17
9355 8 1 2 17
76341 1 2 19 17
12085 1 5 6
953 9 3
80321 9 3
10527 9 3
10761 16 5
287424 12
312669 8 16 5
229297 8 16 5
77930 8 5
264999 8 13 5
334 8
10648 1 19 6
7303 8 16 5
9942 5
11008 9 5
1883 8 11
102651 1 2 9 10 16
10867 8
2246 8 6
2293 16 5
132232 12
11631 16 5
10086 1 6
49521 1 2 10 17
76544 8 1
13498 1 5
9895 8 16 19 5
49527 1 19 6
9509 8 1 19 6
1850 8 16 5
332340 16 5
334541 8
192136 8 11
696 8 16 5
10440 5 15
311667 8 19 6 15
11454 19 12 6
103620 19 12 6 15
8366 21 5
10019 16 10 5
157851 8
10518 19
359412 1 19 6
50839 8 19
436 8 19 6
1887 8 11
14306 9 5
38579 9 5
506 8 19 6 15
75 17 10 5
50321 9 2 3
236735 19 15
50837 8 19
9539 8 19 12
211387 1 2 10 17
253980 1 5 8 10 19
119569 17 10 1
76122 17 2 10 1
24238 8 3 5
433 9 13 10 5
651 8 20 5
8619 2
213681 1 5 6
11649 1 2 10 17 19
116 8 16 19 6
7270 8 19 5 6
10118 8 16 5
10830 9 10 5
9359 1 2 5 8 21
272878 8 9 2
392142 20 5
13051 1
286567 1 2 17
9980 8 1 12 17
10861 1 2 19
10894 8 16 19 12
294254 1
228203 8
308369 8 5
1382 8 16 5
296096 8 16
2123 5
190880 5
10625 5
51481 5
9991 8 5
203 8 6
278924 1 19 6
9096 2
38251 16 20 5
11260 17 2 5 9
297 8 10 15
693 16 5
1597 16 5
1267 9 3 5
7278 5
38055 1 3 5 9 17
62215 8 17
9688 8 16 5
77 19 15
1904 8 16 11
2687 1 5 8 10 17 19
11423 8 19 6
12651 8 1 20
607 1 2 5 17
41154 1 5 17
608 1 2 5 17
11978 8
56014 5
243684 8 5
9516 8 1 6
8838 8 1 19 6
4587 8 16 5
13635 8 1 19 6
15362 8 1 19 6
10207 8
8860 1 2 5 6 19
19 8 17
82 1 2 19 6
2928 8 10 5
4566 8 6 15
1770 8 19
10154 16 5 6
21385 9 2 3 5
14813 9 3
27936 1 5 6
3116 8
11327 8 6
59436 16 10 5
8197 8 19 6 15
9013 2 5 6
245703 8 17 2
11448 16 5
9822 1 2 10 9
9070 1 2 9 10 17
316023 16 5
13931 9 3
10139 8 11
379 8 19 6
198185 8
70 8
4961 10 19 12
16617 19 6 15
227700 8 19
211672 9 2 3 5
54551 9 3 5
54559 9 3 5
229407 9 3
229408 9 3 5
180 1 19 17 15
140870 9 2 3
14292 8 11
10510 8 9 10
339984 8
1396 8 11
62764 2 5 8 9 10 17
14517 2 8 9 10 17
13515 19 12 15
46441 19 12 15
373314 8 19
1700 19 12
1493 1 5 6
10040 1 5
283366 8 10 2
13967 8 9 16
376290 8 19
290762 8 16 5
15379 1 2 19 20
954 1 2 19
56292 1 2 19
177677 1 2 19
955 1 2 19
956 1 2 19
2067 17
1632 8 19 6
309242 8
309245 5
277834 2 3 5 9 10
3082 8 5
346808 1 19
265177 8
252680 5
11820 8 16
303858 19
11517 1 5 6
60308 8
12246 11
504 8 6
9297 9 10 3 5
4379 5
43933 8 17 19
1365 8 16
145221 8 17 19
62211 9 3
15512 9 2 3 17
59860 16 2 5
762 2 10 5
157820 8 10
17431 8 17
376867 8
698 1 2 19 17
83666 8 16 5
2039 8 16 5
13192 1 6 10 13 17 19
377264 17 19
38357 8 16 5
9312 1 10
9823 1 10 17
210860 2 5
30018 8 19 6 15
353069 8 5
824 16 8 13
6283 9 5
87818 5
91739 5
103731 8
10674 9 2 3
12242 9 3 5 1
1018 8 19 15
9304 17 10 5
612 8 1 11 19
145220 9 2 5 6
9415 1 6 8 15 19
6037 19 5 6 15
11892 8 19 6
8438 8 6
4176 8 19 15
11172 16 13 5
11648 16 5
336804 8
13256 1 2 12 17
13596 5
8874 16 5
8346 8 16 5
302688 5
14435 12 15
1989 8 16
2830 16 5
10377 8 5
11113 8 9 13 16
113160 8 16
4032 8 9 5
11317 8 9 5 16
329805 8 16
10161 8
1961 12 5
26022 8 16
9474 21 5
8392 9 10 3
282296 16 8 5
468 8 16
14197 8 16 5
10024 8
43931 8 19 12 15
12120 17 5
4474 1 5 6 8 10 17
75900 8
11171 8
9824 1 2 5 10 17
11191 8 16 5
322 8 19 6 15
9353 9 5
2742 8 10 19
14043 1 2 6 9 15 19
11283 9 10 5
35019 10 5
306952 8 16 5
8193 5
11022 8 1 19 6
5825 5
11418 16 2 5
9644 5
11153 16 2 5
11452 16 5
11078 1 19 5 6
2059 1 2 19 15
6637 1 2 19 15
241 8 19 6
81 1 2 3 10 17
11879 8 19 12
129670 8 2
10544 8 1 2 11
136797 8 1 19 6
10657 8 1 19 12
195589 5
325133 5
1945 8 19
328387 2 19 6
10774 8
26691 5
8456 8 1
70006 8 1
11355 16 8 5
42188 8 16 17
36670 1 2 19
10952 8 19 6
11596 10 19 12 15
11636 8 1 19 6
165213 19
62838 16 5
12572 8 16 5
11025 5
1738 1 19 17
10471 5
277368 9 5
12182 8 16 13 5
2086 8 19 6
1593 1 2 5 9 10
18360 1 2 5 9 10
181533 9 2 10 5
157823 8 19
18462 1 5 12 17 19
15762 17 12 5
19185 12
339 8 5
160139 16 19 15
3040 1 10 19
20481 8 1 10 12
242582 8 19 6
14326 8 16
10488 9 2 10 5
10197 8 16 13
10068 8 16
322240 9 10 5
11472 5
18079 8 19 6
9314 8 16 17
22832 1 19 6
14282 1 10 3
110398 8 11
6977 8 19 6
192141 1 19
136835 19 6
123109 19 12
3638 5
41630 16 5
10083 1 6 8 15 16 19
86834 8 2
340666 8 19
225574 1 19 15
9757 5
276905 9 2 3 5
213 19 15
9701 8
286873 2
653 10 12
6404 8 12
11397 5
14637 8 19
52077 5
11676 1 2 5
14410 8 13
509 5
90369 8 16
75656 19 6
291805 1 2 5 6 15 19
33511 8
10413 8 1 2 19
78383 19 12
10480 19 5 6
12107 16 17 10 5
134 1 2 5
75612 1 2 17 15
16991 8 5 6
17335 8 19
248774 16 5
161 19 6
298 19 6
163 19 6
13466 8 9
700 1 2 19
157547 12
179826 19 15
9609 8
384682 5
1542 5 6
22949 9 5
11635 5
87516 8 1 19 15
12233 9 3 5
257 8 9 6
117263 1 19
10768 8 19 12
9624 1 19
8202 1 17
668 1 2 19
146375 1 5 6
83770 8 2
654 8 6
5723 8 16 13
311 8 6
1428 1
335 1 21
527 8
209361 8 13 5
51828 8 16
6072 8 19
7300 16 5
510 8
54054 1 5 6 16 19
9357 19 12
12230 9 2 3 5
13933 9 3
6933 19 12 15
342878 8 16 5
16353 1 2 19
9316 1 19
77987 8 19 6
152603 8 16
215830 19 12 15
2055 21
7484 9 2 3
13690 9 2 3 5
83 8 19
9592 8 19 12
151368 1 19 6
1902 8 19
11857 8 5
16619 8
8675 5
2057 8 16 19 15
21208 19 12 15
11890 1 19 5 9
12610 1 2 3 5 9
15152 1 2 5 6
15588 1 2 5 6
242512 12
335796 19 12
10317 8 5
59968 8 5
205588 19
14362 1 19 6
606 8
1389 16 5 6
164457 8 19 6
678 8 19 15
2116 8 19 6
6950 8 1 19 17
289720 1
10540 17
10529 1 10 17
13160 16 10 5
7518 9 3 5
1825 8 1
10780 16 5
68728 9 10 2
13474 19 12
68726 1 2 17
116149 9 5
134374 1 19 6
8879 16 21
192132 8
266647 9 2 10
19898 1 12 15 17 19
4547 8 19 6
1417 8 10 20
11293 8 5 6
286565 8 16 15
140420 16 9 3
5924 8 6
328595 17 1
115348 8 19
1990 8 6 15
23827 12 15
41436 19 12
72571 12
82990 12
146301 19 12
227348 19 12
88042 5
1552 8 9 5
2266 8 16
655 8
119283 1 6
209262 8 19 11 15
24480 2 3 5 9 10
10538 1 2 19
13944 8 16 19 15
109099 8 19 6 15
10312 8 5
370755 8 16 5
1534 1
12192 19 12 6
975 8 20
9869 8 1 19 6
388399 8 19 11
11202 8 11 20
39513 17 2 5
14560 1 2 5 9
256961 1 2 5 9
159121 5 6
245698 8
10647 8 16
290637 19 12
2112 8 1 19 6
9620 1 2 15 17 19
676 16 11 20
5683 2 5
11167 19 12
10013 8 16 10 5
245913 8
7985 16 10 5
270946 9 2 3 5
98548 8
32657 9 2 10
76285 9 2 10
10494 19 3
51999 8 17 16
206192 8 19 6
7183 8 19 6 15
381341 8 5
1427 8 10 6
2011 8 3
797 8
353979 19 12
8913 8 12
10906 12
10601 9 2 10
294272 9 2 10
9638 17 12
152259 19
9827 17 19 12
29161 19 12
9294 8 16 10 17
9800 8 15
205220 8
71689 9 3 5
254578 8
1817 8 19
473 8 19 15
11020 8 19 15
9413 16 5
2786 8 19
10189 1 5
692 5
12104 13
10599 9 10 5
399106 9 3
24831 12
43593 12 5
71668 19 12 5
3293 8
285 1 2 10
58 1 2 10
1865 1 2 10
22 1 2 10
2787 17 19 1
114150 16 13 5
254470 13 5
257344 1 5 17
297222 8 17 5
10513 17 12
151960 9 2 3 5
218836 9 2 3 5
2609 8 5
16866 2 3 5 9 17
30675 1 3 17
869 17 2 19 1
1992 1 19 12
208869 8 1 5 6
792 8 1 20
15393 8 16 19 6
77875 16 5
277547 16 5
10227 5
2657 8 10 5
10530 8 9 2 3
13761 16 9 2 3
61404 1 19 6
257088 1 19 6
10498 8 19 6
10991 1 2 3 9 10
10228 3
12599 2 3 9 10 17
9336 5 6
10157 1 5 6
12118 1 5 6
10587 1 5 6
11825 1 5 6
11895 5 6
11546 1 5 6
9056 1 19 5 6
11134 1 19 5 6
9404 1 2 5 6 8 19
71157 8
12509 8 16
243688 19 12
11133 19 12
10306 19 12
15283 9 3
76649 1 2 8 11 16
23963 17 12 15
12429 9 3
11335 1 2 5 9 13
341012 13 5
136403 5
11621 2 3 5
10246 5
503 8 1 2 19
21484 8 12
25704 5
12665 8 17 10 19
327029 1 2 17
6435 8 10 5
25793 8
106 17 2 19 1
169 17 19 1
34851 1 2 19 17
206487 17 19
253310 5
49526 1 19 6
9963 8 10 15
13042 9 3
11092 8 19 6 15
114 16 5
6691 8 16 5
234200 8 5
4348 8 16
13150 8 19 6
58431 16 19 12 5
38321 1 10 12 17 19
1592 8 19 6 15
9440 8 5
2313 8 16 5
14337 8 17 19
113148 8 5
8852 12
9543 16 1 2 10
128 3 2 10
19458 8 9 5
176241 8 1 19
146233 8 19 6
9403 8 5
11077 5
28597 5
227719 17 19
57214 5 6
51588 5
8617 12 6
70981 17 2 15
133694 8
9777 8 15
11983 1 2 8 16 19
11252 19 12 15
10576 19 12 15
11322 8 11 6
680 19 6
9682 19 12
8051 8 16 5
72432 8 15
13056 1 6
13455 1
2061 8 1 19 6
12596 8 5
417859 1 2 3 9 10
83201 9 3
10764 1 2 19 6
13812 17 19 12
59115 17 12 15
121826 8 16 5
11979 8 10 12
18937 3 8 9 10 16
9588 1 2 8 16 21
10876 8
11450 8 11
374416 5
27585 8
6076 8 16 5
9511 16 5
323677 8 1
13836 1 2 9 10 17 19
14976 8
6439 5
382511 5
13920 8
30890 8 5
89185 8 9 5
242310 1 19 6
1578 8
85 1 2
380 8
10404 8
14024 8 16 13
378 5 6
4599 8 16 5
7555 1 19
1369 1 2 8 19 20
1370 1 2 19 20
38843 9 5
38780 8 1 19 6
75622 8 1 19 6
11645 8 1 11
7913 8
44896 2 3 5 9 21
3595 1 19
48395 1 10 17
548 8 6 15
9896 2 5
2062 9 10 3 5
234004 1 2 3 5 9 17
10212 21 19 12 5
2099 1 19 6
1677 8 13
1694 17 12 5
14370 16 5
39254 8 1 17
2788 8
567 19 15
240916 19 6
223 8 16 19 15
221 8
10664 19 12
185341 19 12
80280 12
39514 1 2 5 6 19
146216 1 19 5 6
12289 8 1 2
15384 1 5 8 11 19
60747 1 19 20 17
9533 19 12 6
11460 19 12
9604 1 5 6
75638 19
8870 1 19 17
49730 19
9626 1 2 10
48572 1 19 12
72431 1 2 8 11 20
136418 1 19
190469 1 19 5 6
11364 8
241257 19 12 15
6278 1 10 19 17
2355 8
2155 19
302528 8 19
23169 8 16
188538 16 8
10637 8
5125 8 19
1833 8 16 13 5
13820 8 17 5
31867 1 19 17 6
11481 8 19 12
641 8
9952 8 2 20
500 19 6
1576 1 12 17
35791 1 2 12 17
1577 1 12 17
133121 3
13648 1 3 12 17
7737 1 12 17
71679 1 12 17
47760 8 16
351145 19
1892 1 2 17
16690 3 9 2 10
13155 17 2 10 9
333381 19
13888 8 16 2
14052 5
6081 1 5 6 9 19
4148 8 16
10851 8 19 6 15
11011 9 5
275601 8 13 5
87421 17 19 1
168530 1 5
323675 1 5
11091 8 16 5
13389 1 2 6 8 19
355338 9 3
14564 12
2671 19 12
46195 9 2 3 5
172385 9 2 3 5
301 8 16 21
81188 9 10 3
61791 8 1 19 17
335778 8 1 2 15
7007 8 1 19
9346 16 5
10135 1 19
4147 8 19 6
9285 2 5
11780 2
20662 1
8005 5
8367 8 1 2 16
97020 1 17
5549 1 2 6 17 19
5550 1 2 6 17 19
84329 8 17 5 6
240483 17 2 1
9928 9 3 5 17
80585 8 16 13 5
12508 8 5 13
253414 13 20 5
13809 1 19 6
1366 8
1246 8
1367 8
1371 8
1374 8
1375 8
13022 1 19 12
330459 8 1 20 17
15373 5
11484 1 2 17
804 16 5
9326 16 1 2 5
51991 8 16 5
91745 8 16
6003 8 16
2085 1 19 6
10412 8 1 19
9611 5
8195 1 2 19 6
264644 8 19
48650 8 16
384371 5
1580 8 19 6 15
805 8 12 15
222649 8
10220 8 6
11584 16 5
21778 5
45649 5 8 10 12 15
7229 5 6
175774 17 10 2 9
103332 16 8 10 5
244403 8 5 13
13382 9 3
14534 8
10479 1 2 8 11 20
232 1 2 6 8 16
33542 1 19 5 6
241554 1 6 8 15 19
7942 16 5
104 8 1 19
4806 16 5
11329 8 19
11893 1 19
146238 8 19 6
7304 8 1 19 6
127533 8 1 11
221731 8 1 2
221732 8 1 2
96721 8 1
2109 1 19 5 6
5175 1 19 5 6
5174 1 19 5 6
11545 8 5
1826 8 16 5
97365 8 16
9530 9 2 5
9296 8 17 5
144336 8 1 19 6
11860 16 5
72387 1 19 6
112949 16
59961 1 19 6 15
84332 16 17 5 8
7364 1 2 5 8 15
287590 1 10 3
5336 8
11343 19 12 15
81025 8
27576 1 19 6 15
269148 8 5
254128 8 1 19
48340 1 19
11712 8 1 5
14645 5
279229 9 10 2 17
53457 8 20
11009 8 13
223702 10 2 3 5
82525 8 19 6
9816 8 9 13 16
13193 8 5
2360 5 6
857 8 11 20
10878 16 5 6
176 12 6 15
215 12
214 19 12 6
663 19 12 6
41439 12 6
11917 19 12 6
22804 12 15
9538 17 19 12
111 8 1 19 6
4247 5
4248 5
4256 5
4257 5
4258 5
9475 8
424 8 11 20
9842 8 16 5
1584 13 5
14684 8
9637 2 5 15
11024 10 2 5 15
512 5 15
273477 12 5
4232 12 6 15
4233 12 15
4234 12 15
41446 12 15
9102 17 12
9647 8 10 5
807 19 6 15
12150 8 6 15
4464 8 11
130267 8 1 19 6
23047 1 2 10
13156 8 9 5
290751 8 6 15
75258 2 9 10 3
1586 19 15
11013 8 16 5
11159 8
10007 19 12
11185 5 6
11249 8 12 5
88005 8 16 5 17
74998 8 1 19
238615 17 19 15
273895 8 11
13260 5
4584 8 16
13249 8 21
164251 8
9778 16 5
16320 17 2 19 1
262391 5
11592 19 5 6
182219 5
9040 8 11 6
10972 12 15
70586 8 1 19 6
16563 8 21 13 5
11321 8
86838 19 5 6
346 8 1
978 8 2 11 20
68737 2 10
5072 19 12 5
1364 8 16
4564 8 16 5
37786 8 16 5
13523 16 2 5
1412 8
289153 16 5
225886 5
11826 8 19 6
21734 8 19 6
10873 8 12
479 1 2 19 6
1934 11
4380 8 16 5
9905 19 6
9889 16 5
76025 8
3110 8 21
6038 1 2 21 5
8584 1 2 21 5
11770 1 5
65055 19 12
10555 1 3 5 9
205321 12
248504 17 19 12
331446 17 12
13537 8 11
747 12 5
263109 9 2 3 5
41505 19 12 15
10528 1 2 5 6 8 15 19
58574 1 2 6 15
379170 8 6 15
10314 16 5
245906 5
34016 16 5
9655 8 9 5 16
7863 8
27429 17 12
4141 1 19 5 6
7485 1 6 8 15 19
2605 9 5 17
11966 8 9 5 17
695 8 5
169813 8
1378 16 8 5
11634 16 8 5
10802 8
5851 1 5
808 2 3 5 9 10
809 2 3 5 9 10
10192 2 3 5 9 10
13394 2 3 5 9 10
810 2 3 5 9 10
329981 8 19
10885 19 12 15
11324 8 19 15
171337 8 6
273481 1 6 8 15 19
14924 8 16 13
109421 8 19 6
9675 8 16 5
117974 2 5 6
2675 8 17 19 15
68730 8 11
588 12 15
61012 19 12 15
92182 12 15
811 8 17 2
17898 12
82693 8 16 5
11509 8 1 21 6
187 1 19 6
189 19 6
21191 8 1 19 6
14411 9 2 3
335797 3 5 8 9 13
369557 16 8 13
872 16 13 5
9605 19
11068 8 16 13 5
82507 19 12 15
283445 12
2005 5 13
6279 5 13
266294 5
6068 16 1 2 5
15144 16 5
270774 1 5
5137 1 2 15 17 19
11459 9 2 5
37724 1 2 19
42684 17
11590 8 5
77495 19
13567 12
11561 16 17 5
819 8 19 6
64586 8 16
288036 5
7442 19 6
858 8 16 5
9893 9 5
2668 8 10 19 15
4520 8 19
10215 8 16 10 5
12498 8
9035 17 12 5
867 8 19
223485 16 19 21
12405 8 16
82424 2 3 5 9 10
11551 1 2 5 10 17
10569 1 5 6
253687 8 5
119278 12
10149 8 5
11006 1 2 5
7516 1 19 5 6
8688 6 15
326 1 19 12 6
107 19 6
2322 1 2 5 6 8 15 19
9545 8 1 19
134411 8 19
11888 9 2 5
58595 8 2 10
408 9 10 3
302401 8 19
110415 8 1 17
67748 8 19 12 6
10442 16 5 6
93837 1
339527 8 6 15
2103 8 17 16 15
9425 1 20 17
231176 5
32985 1 2 10 17
253344 5
15143 8 16
239 16 5
49022 8 16 5
6964 8 16 5
39210 8
294652 8 1 19 6
251519 1 2 3
13258 5
336050 8 19 20
10214 9 10 2 5
110416 9 10 3
15764 8 16
38985 1 2 19
26688 19 12 15
34494 5
31175 8 5
12657 16 5
43959 8 1
86812 8 17 15
45612 17 19 15
9473 13 3 5
354251 17 10 19 12
4723 1 2 5 8 17 19
307081 8 1
12101 17 19 15
5551 1 2 19
2300 3 5 8 9 10
192577 17 3
957 17 5
2539 5
236737 16 5
348537 16 5
967 8 1 11
10336 1 2 10 12 17 19
15058 8
355008 5
74513 8 1 20
9348 17 12 1
10216 17 12 1
324670 1 19 17
206647 1 2 6
1637 1 2 19 6
1639 1 2 19
7459 1 9 17
4174 8 19 15
10153 17
6116 2 5 8 10 13
9613 8 19 15
557 1 10
558 1 2 10
559 1 10 2
9080 2 5
9023 2 3 5 9 21
129 3 9 10 2
2619 16 10 5
37707 17 19
13220 19 12
381288 19 12
292040 1 19
314365 8 11 19
19918 5
241855 16 17 12
122081 8 6
12079 8 5 6
238713 1 5 6
1535 1 19 6
10535 1 5
10054 1 2 5 9
9488 1 2 5 9
12279 1 2 5 9 17
56288 9 5 1
995 2 21
52015 1 8 12 17 19
632 8 20 5
1398 8 17 19
235 8 6
265712 9 10 3
121824 1 19 5
329819 8
13475 17 2 1
188927 1 2 19 17
199 17 2 19 1
193 17 2 19 1
154 1 2 8 17 19
157 17 2 19 1
200 17 2 19 1
54138 1 2 17
168 17 2
201 17 2 19 1
152 17 2 15
172 17 2 19 1
174 17 2 19 1
11 1 2 17
1893 1 2 17
1894 1 2 17
1895 17 2 1
12180 1 2 3 10 17 19
140607 1 2 10 17
79108 5
2270 16 9 2 10
12914 17 2
13001 17 2
9663 1 2 8 16 17
209276 8
254194 12
563 1 2 19 17
10304 1 2 12 17
11127 17 2 1
114478 1 3 17
9384 5 6
35558 16 5
14055 8 16 5
16995 1
8066 8 19 15
10069 19 12
10048 1
10860 8 16 5
12133 5
9762 8 16 13 6
8328 8 16 13
41233 8 16
243683 16 8 13
85446 8 16 13
2670 8 19 12 15
9441 8 16
321697 8 11
10115 8 5
10307 19 12
284293 8
21629 5
11601 19 12 15
15567 9 3 5
86825 8 19 12
127493 8 1 19 6
44113 8
207933 19
9876 1 5
332210 9 3 5
9978 1 2 9
277216 8 13
281 8 17 19 6
302429 9 10 3 13
1262 8 16 10 5
469 8 5
845 19 6
64639 19
11667 1 2 19
15268 1 2 19 17
1266 8 1 19 6
14746 1 19 13
227300 1 19 5
11074 1 19 6 15
10890 1 5
9879 8 19 6
10137 10
10996 9 2 3 5
111969 8 5
1792 5
49020 8 16 5
356296 8 19 6
23629 1 10 19
9091 1 2 19
10650 1 19 6
12720 8 19 12
297761 1 10 6 17
271674 8 16 20
16305 8 16 2 5
363676 8 11
10279 8 16 19 6
28874 3
631 8 16
599 8 16
1272 17 19
13090 8 5
45132 8 1 5
37686 17 19 15
39939 5 6 15
8363 5
248507 5
9651 1 2 10 17
11918 1 5 17
1924 1 2 10 17
13640 1 3 17
8536 1 2 10 17
9531 1 2 5 10 17
11411 1 2 17
1452 1 2 10 17
166076 1 2 3
45162 1 2 3
22855 1 2 3
9408 9 3 5
19959 1 19 17
10900 19
15566 16 5
334074 1 19 6
11462 19 15
11906 12
13885 8 12 13
9684 8 5
11529 16 5
1921 8 16
976 8
302 19 6
10218 16 5
347031 2 5 8 10 16
9705 1 19 6
10760 5
4550 8 19
4960 8
231 8 19
72525 8 5
180863 8 6
7508 8
121734 9 2 3 5
11658 1 2 8 11 20
50725 8 16 5
64720 8 19
12763 13
11485 5 6
86555 8 5
8681 1 19 6
82675 8 1 19 6
260346 1
22907 8 1 19 6
11081 8 1 19 15
26320 8 5 13
314405 16 10 12
37933 3 17 2 10
306964 12
64 8 16
9718 5
353571 8 16 5
38961 16 5
226486 5
308084 8 5
38757 9 3
82881 1 3 5 9
9618 1 2 5
9067 1 10 5 17
230222 1 2 3 9
15657 9 2 3
11045 1 19 5 6
2332 1 5 6
2334 1 5
2335 1 5
103 8 6
3989 1 2 3 5 13
9567 8 1 20
72105 10 5
214756 5
177888 9 13
11824 16 10 5
98566 1 2 5 10 17
1497 1 2 5 9 17
1499 1 2 5 9 10 17
308531 1 10 2 5
13121 12 5
42194 1 6 8 17 19
10795 8 19 6 15
2179 13 5
10396 1 2 6 16 19
280 1 19 17
296 1 19 17
87101 17 2 19 1
534 8 1 19 17
11050 8 5
284689 8 11 20
41428 17 12
76617 19 12
72477 8 19 6 15
9388 8 5
112200 8 5
225565 16 5
9591 8 5
38396 5
87428 5
145247 8 2 5
1911 1 2 10
293646 8 11
260 1 19 15
6957 16 5
147 8
1613 1 19 5 6
299687 17 2
8452 1 19 17 15
34544 1 2 5 6 19
87436 12
254201 19 6
2756 1 2 19 17
13401 16 5
11847 1 19 5
302946 8 19 6
10868 8
2907 9 10 5
38050 16 10 19
14506 1 2 10 5
11692 1 5 17
2759 8 5
10907 8 1 2 16
14199 9 2 17
17578 1 2 3 9 15
488 16 2 20
293863 8 16 10
10436 8 16
13641 8 1 19 6
10733 11 20 21
1930 1 2 10
102382 1 2 10
27579 8 19 6
9087 8 16 5
10065 8 19 12
10514 17 19
103747 8 5
152790 8 5
153518 1 3 5 9
11090 1 5
55931 17 3
269173 1 19 17
9906 2 3 5 9 10
284 8 16 5
79694 19 12
10112 9 2 3 5
10547 1 19 17 15
64678 8 16
209247 5 6
11398 1 2 19
74643 8 16 5
253450 8 1 11
4512 8 1 21
5172 8 17 2 5
2900 8 17 19
299551 12
397243 12 15
9320 19
2567 8
77949 19 12
6968 1 6 8 11 19
242224 8 19 12
34806 16 5
11699 8 6
23479 9 5
242076 8 19 6
8848 8 19 6
10474 8 6
17295 8 11 20
123105 17 19 12
81446 1 5 6
1907 8 16 2 19
50780 8
4012 8
9957 5
328901 8
74534 8 5
146304 5
239571 8 16
152742 8 16 6 15
887 8 16 11
19204 12
267935 9 2 10
175 8 16 2
12481 1
12560 8 5
9448 1 2 19 5
115 5 6
318846 8 5
910 8 19 6 15
87567 5
73937 5
11000 5
571 12
618 8 16 11 20
10957 3
9676 8
9570 9 2 17 1
2667 12 15
304410 8 13 5
22881 8
96936 8 6
8851 17 12
5689 16 8 2
200481 16 3
525 1 5 13 6
18947 8 5
111083 19 15
619 1 8 13 16 19
9481 8 19 6 15
20504 1 19 17
228326 2 3 5 9 10 16
203833 8
8374 1 19 6
22821 1 19 6
9449 1 2 5 9 10
323676 5
2669 8 1 11
27573 1
2501 8 1 19 15
49040 1 19
2502 8 1 19
2503 8 1 19 15
22825 17 19
170687 9 10 3 5
321258 19 12 15
315465 3 1 10 2
14574 8 20
241251 19
16241 8 17 19 12
330764 10 5
127867 10 19 5
183836 5
4413 8 19 6
9767 16 5
2108 8 5
17350 5
826 8 11 20
688 8 16
137182 8
308453 8 5
28942 17 19 12
21755 8 16 2 5
4442 1 2 5 10 19
7350 8 5
11974 19 12 5
12165 8 16
132363 8
1954 17 19
14620 8 17 19
16258 8 17 19 6
22970 19 12
9894 8 19 5
158011 19
77953 5
265010 19 12 15
11286 5
244761 19
10588 9 10 5
15370 2 3 8 9 10
9042 1 2 19 12
309 8
8843 17 19 12
49520 5
13550 19 12
13855 8 19 6
16342 19 12 15
988 8 19
330483 8 16
5528 8
2454 9 2 10
411 9 2 10
10140 9 2 10
2789 1 17
2791 19 1 3 17
1715 8
28978 8 16 5 9
902 17 10 2
352161 8 19 11 6
8841 8
10731 8 19 6 15
238215 8 10 5
77948 1 19
134597 19 12
21407 19 12
178809 1 12 17
11873 8
873 8
11663 8 13 5
44129 8
87496 8 19
25205 8 5
14636 1 19
152795 8 17 3
138843 19 12
259693 12
197950 1 19 6
60309 8 11 6
1985 8 19 15
1441 8 1 19 6
592 8 6 15
7452 8 6
9341 1 2 19 17
109091 8 19 6
11362 8 1 2 19
7862 8 20
9954 1 2 10 12 17 19
9100 8 10 19 12
60670 19 6 15
49519 2 3 5 9 10
9495 1 10 19
10546 1 10 19
20539 8 11
11386 16 8 19 6
4922 8 10 15 16 19
2779 5 6 15 16 19
533 9 2 3 5
591 19 15
21641 8
306819 8
4538 8 2 5
11639 10
155 8 1 19 6
49026 8 1 19 6
248933 8 11
71469 1 19 12 17
257345 19 12
435 1 2 19 17
4909 1 19
10200 8 17 19
10651 1 19 6
11336 17 19 12
10425 8 1 19 6
48289 8 19
11778 8 20
244610 19 12
1422 8 19 6
65057 8 5
9392 2 12
34480 2 19 12
76487 19 12
350 8 16 5
1813 8 19 12 15
1433 8 10 12 17 19
62630 1 6 8 19 20
4477 8 19 6
1696 8 12 6
250124 8 16
76493 5
44564 8 5
9421 5
1654 1 2 20
38542 8 19 6
157829 8
4593 5
38541 17
2013 8
389053 1 2 5
10537 8 13
73499 1 6 8 15 19
1600 8 19
133469 8 16 5
1278 8 16
298382 8
154400 8 6
12783 8 16 11
272693 16 5
250225 8
6519 1 2 5
169219 19 15
49494 8 2
87499 8 19
9433 8 1 2 19
376660 8 5
1955 8 11
11688 2 3 5 9 10
1891 1 2 17
249688 8
10649 1 19 6
409 8 16 20
174321 8 5
24740 19 12 15
156022 1 19 6
351964 8 16 5
764 12
8643 8 19 12 6
9552 8 19 12
11587 19 12 15
27578 1 19
76163 1 2 19
138103 1 2 19
43549 8 19
29264 8 10 5
35552 1 10 2 15
9030 8 19 12
136911 19 6 15
9276 17 12 15
14784 8 2 10
112205 1 5 6
5994 8 16 10 5
9043 8 16 5
9566 8 19 15
9799 1 19 6
9615 8 1 19 6
222935 16 8
3053 12 5
18 1 2 10 17 19
162903 8 19
45317 8
8738 1 17
11099 8 17 19 15
19912 12 15
293970 12 5
300673 8 1 11 19
37233 8 19 15
12169 8
84199 8 16 5
2925 5
177 8 5
72207 5
888 9 10 5
889 16 17 5 9
76758 8 11 20
11815 8 17 12
10344 17 19 12
791 19 12
1729 1 2 10
329440 19 12
255157 8 19 6
10145 6 8 12 15 17 19
310307 8 11
1381 8 17 2 16
9093 8 16 2 20
22824 17 19
10948 8 9 2 3
1051 1 19 6
10779 12 5
199373 19 6
5503 1 2 6 15 19
9427 5
318121 8 5
299245 19 12
284536 8 19 6
2649 8 19 15
13680 9 5
198375 8 16 3
6917 10 12
17689 8 1 19 6
961 1 2 5 8 20 21
2275 8 19 6 15
5916 1 19 6
10586 2
11439 19 15
2046 8 19 12 15
186161 5
10591 5
346685 8 16 19
33613 1 19 6 15
14069 8 17 10 3
24253 1 6 8 15 19
375366 8 19 12
65754 8 19 6 15
227156 8 17
2176 8 19
9625 1 2 6 8 19
238 8 6
240 8 6
242 8 1 19 6
8393 1 5
962 8 9 2 5
10136 1 2 5
2268 2 10
105864 9 2 3
9962 8 16 5
250538 8
1247 8 11 19
9272 8 19 12
429 21
15067 1 2 21 5
9340 9 2 5
37247 8 16 5
120467 8 5
209185 5
44865 8 1 11
596 8
179144 8 5
14047 8
914 5
5925 2 8 11 19 20
11034 8 16
9994 3
13922 1 11 20
5698 1 2 21
311324 19 1 2 10
15487 8 9
40805 1 5 6
171424 19 12
497 8 10 6
75174 8 1 19
18129 8 6
1970 19 12 15
1975 19 12
1977 19 12
67913 1 19 5 6
4643 1
241848 1 19 15
82687 5
266396 8 1 6
10911 8 1 2 20
312831 10 12
11087 8 19
290098 8 16 19
18785 5
45243 5
109439 5
8645 17 19
11384 1 5 6
273248 8 21 6 15
10756 5 9 10 15 19
11618 10 19 12 15
18781 19 12
150202 8 19 12
9038 5
136795 1 5 6
14400 8 1 2 19
50014 8
80184 19 15
1059 8 1 2 5
9792 19 12
9793 19 12
8398 1 12 6
7453 9 2 5 17
49051 1 2 10
122917 1 2 10
57158 2 10
45650 10 2 19
1581 16 5
8327 8
264656 8 21
37905 1 19 12
547 8 16
72710 1 2 16 17 19
11852 10 5
590 8
12620 16 5
25983 12 15
11298 8 12
11934 8 5
37169 12
74997 8 12 6
94365 12
10922 8 16 19
10545 9 10 3
12448 16 9 2 3
228194 8
11654 16 19 12
70160 17 2 10
101299 17 2 19 1
131631 17 2 19
131634 17 2
244688 5
103663 8
1669 1 2 19
10632 8 1 19 6
70954 8 2 19
231474 2
290595 8 1 2
10400 8
990 8
68924 8
68812 8 19 6
10316 8
1491 8 16 10 19
8054 2 10 15
205596 8 19 11 20
56909 5
152599 8 16
9026 8 16 11 5
80278 8
242022 5
69798 5
124459 5
1724 17 2 1
9806 1 2 3 9 17
11359 9 2 10
325789 8 19 6
11323 8 19 5 6
58428 19 12
16372 12
9008 8 19
257211 5
4959 8 19 6
116741 5
179 1
228967 1 5
77338 8 5
4858 17 19
23082 16 10 5
9785 1 2 6 8 10 19
303542 17 2 10 5
10787 17 12
306947 19
10386 2 3 9 10 17
71688 8 11
1635 1 2 19 17
9654 1 6
4824 1 2 19 6
9667 8 10 19 15
5951 8 16 5
6471 5
10303 16 1 2 5
41479 8 5
205587 8
278927 8 2 10
14873 9 2 3
38575 8 1 2 9
8856 1 2 8 9 16
10495 9 2
196024 19 6 15
4244 9 10 5
63831 8
39781 8 5
10835 8 1 19 6
37414 8 19 6
247 8 1 19 6
625 8 11 20
262 8 5
4349 8 1 19
156700 8 5
45269 8 11
328589 8 5
940 19 15
5516 19 5 6
2044 16 8 15
12144 9 2 3
15997 9 2 3
152426 8 12 15 17 19
10196 1 2 10 9
9319 1 2 19 5
2100 8 1 19
168138 17 2 19
190847 17 19 12
746 8 11
38358 8 19 12
146203 19 12
206296 8 16 13 5
15516 19 12
1523 8
7511 8 16 5
9703 1 2 10 20
2267 9 2
317442 16 1 3
9361 1 2 8 11 16 20
25188 8
616 8 1 11 20
35690 8 9 16
76640 1 19 6
11884 17 2 1
11051 8
10150 9 10 3
274854 1 10 2
10163 17 19 12
243940 19 12
13825 8 19
8698 1 10 19 17
44249 8 1 11
10376 10
4958 8 10
12207 1 5
188207 1 2
258489 2
1656 8 1 2 21
324849 1 3 5 9 10
137106 1 2 3 5 9 10
1040 8
7548 8 16
14207 1 2 5 8 10 16 19
14208 1 10 2
14728 1 10 2 5
421 8 2 5
11615 8 19 6
157375 8 16 5
283552 8
50348 8 19 6
8587 8 9 3
11430 9 3 5
9732 9 2 3
276844 8 16 5
10144 9 3
13676 9 3
10898 9 3
309809 10 2 3
10897 16 9 5
582 8 19
708 1 2 19
18736 9 2 5
254320 5 8 16 17 19
72784 19
57201 1 2 21
11412 1 6 8 15 19
9289 8 1 11 20
228205 16 8
206821 8 5
9291 8 5
8270 8 19 6
73723 9 3
123 8 2 10 3
120 1 2 10
122 1 2 10
121 1 2 10
104755 19 12
34813 1 2 6 15 19
1547 12 5
28580 8
330 1 2 17
14136 9 10 5
12177 16 5
209249 5
46420 12
7980 8 10
77877 8 16
191714 8 16
174675 17 19
4553 8 19
760 5
239877 16 5 6
8094 8
333484 1 2 21
11086 8 16
963 8 19 6
9074 1 5 6
13363 8 17
51608 1 19 6
9313 8 1 2
991 8 17
353326 8
9414 1 19 5 6
574 2 6 8 15 19
11697 21
10778 8 6
983 8 2
682 1 2 19
97430 1
11591 16 17 5
10502 8
14462 8 19 15
250480 9 3
8975 8 1 2 19
286217 8 17 2
854 16 10 5 6
9342 2 5 16 19 21
68722 8
9515 1 5 6 8 19
603 1 17
604 1 2 19 17
605 1 2 19 17
198663 1 19 17 15
4543 5
329712 8
27582 1 19 6
10610 1 10 19 5
10313 20 5
11162 8 16
28089 8 11
10047 1 2 8 11 20
9966 8 19 12
6073 16 1 5 6
10185 6 8 12 15 19
10414 9 5
12146 2 19 21
11416 8 1 2 11
5876 17 19 12
10466 16 5
13509 1 5 10 12 17
152760 8 1 11 20
123553 1 2 8 10 15 16
11120 8 2
15206 12
2637 8 19 12 15
1653 8
564 1 2 10 12 19
1734 1 2 8 10 12 19
1735 19 1 2 10
10437 8 9 10 5
11176 9 2 5
64328 9 13 5
11899 16 9 5
37137 1 5 6
36593 1 5 6
37136 1 5 6
192 8 19 15
12435 8 16 5
11393 8
41602 1 5 8 16 19
9631 1 2 6 8 15 19
301365 19 12
1642 1 6 8 15 19
34584 8 9 10 2
34636 8 9 10 2
344268 5
283726 8
10985 9 5
11400 8 16 11
11231 2
43539 16 8 19 6
290250 1 5 6 15 19
296100 5
33365 5
3112 19 6
9479 9 10 3
12994 8 10 15 17 19
622 19 12 15
113833 8
11036 16 8
254904 1 19 6
3594 8 19 15
77234 1 19
227783 9 2 3 5
9327 16 17 10 5
11356 5
71864 8 9 10 5
11234 1 19 17
806 8 19 12
10796 1 19 17
242090 16 8 5
89008 16 8 5
6537 8 19 12
12184 8
27581 1 5 6
364116 19 12
52505 8
1933 8 19 12 15
10747 8 21
227 8 6
308024 5 15
12245 19 6 15
189197 1 2 8 11 20
10022 1 5 8 9 19
111440 19 12 15
15139 17 10 3 9
14202 8 16
82390 19
9820 8 9 5
166 8 16 5
171 8 16 5
780 8 11
615 8
152780 8 15
2024 8 1 11 20
6623 1 19
227973 3
9944 1 19 15
13122 5 8 12 15 19
304372 8 19
66195 19 5 6
15648 8 9 5 16
13505 5 6
2133 8
84892 8 16
9826 1 2
9833 8 16 19
981 16 5
423 8 20
713 8 16
1791 8 16
12096 1 5 6 9 15
15159 5 15
12268 5 15
72197 9 2 3 5
97367 8 6
10403 8 5
89899 5
5955 8 19 6 15
5255 10 9 2 3
551 1 2
77883 19 12
272692 12
9922 8 2
1124 8 19 15
241254 1 19
11137 16 5
9837 2 3 8 9 13
10198 16 9 3 13
2493 2 5 9 10 16
9880 16 9 5
11130 8 9 5 16
9899 13 5
271736 8
11980 10 19 12
18240 16 8 5
8982 8 1 19 6
8867 1 19
120605 8 1 19
158015 17 19 12
238636 19 12
316727 1 19 12
10849 16 10 5
1402 8
282813 12
1165 8
9103 1 2
12106 1 2 8 19 21
10176 8 17 19
3109 8 16 5
193612 12
94329 1 19 6
180299 1 19 6
127560 8 11
11975 8 19 6
70436 19
8055 8 16
1683 12
24122 16 5
1647 1 19
15265 8 9 10
19542 8 16
337703 8 10 3
14283 8 13 15 16 19
49787 8 19 12
11015 19 12 15
280002 19 12
1245 8 16
11702 8 1 19 6
10393 5
11319 2 9 10 3
11135 2 3 6 9 10
50671 19 15
15969 16 2 3
10925 12 5
11843 5
281957 8 2 19 21
289727 16 5
347969 21 5
209406 16 5
9549 8 11
565 19 12 15
10320 8 19 12
9927 5
270302 8 19
48171 8 19 12
8987 1 2 19 6
20766 8 2
10501 9 2 3 5
228108 8 5
9802 1 2 19
10186 13 5
10249 1 2 17 9
36685 17 13 12 5
6723 1 5 6 8 19
17473 8 16
49950 8 19 12
41411 8 11 20
157845 8 6
9428 8 5
14444 9 3
11152 8 12
1809 16 8 5
23514 8 5
27586 8 13
10159 1 2 19 5
865 1 17
211067 19 12 15
10003 1 2 16 17 19
266285 8 21
11528 9 5
58013 5
11395 8 9 10 5
9021 9 10 5
13767 9 2 5
8272 8
10533 8 16 11
300 8 10 5
11371 1 19 6
9334 1 10 2
13486 1 10 2
1913 8
291351 8
3114 21
268238 8 5
310569 8
11236 8 9 10
25376 8 16 6 15
12837 8 2
328111 9 2 3 5
116745 8 2 10 5
26963 9 10 3
10021 5
11704 8 9 10 3
51739 9 10 3
2274 2 8 9 10 19
5820 1 19 6
11503 19 12
113947 8 16 5
10653 8 16 5
490 8 10
8850 1 2 10 17 19
10067 9 5
332567 8 19 12
278 8 6
694 19 12
6440 8 16
20334 16 5
9882 8 1 19 6
334517 8 19 20
242095 17 19
274 8 19 6
35 9 3 5
9779 8 5
10188 8 9 2 5
57431 5
745 8 19 15
9913 8 19 12 15
244772 8
63311 8 19 12 15
11478 8 19 6
41513 2 3 5 9 10
77931 9 10 3 5
37799 8
17332 8
27022 1 2 5 8 10
15121 8 9 13 16
1555 8 16 5
2636 1 19
157386 8 16 5
8204 9 2 10
8285 1 5 6 17 19
23172 1 5 9
691 1 2 19
10707 8 5
13519 8 2 10 12
308032 8 19
225703 5
2056 8 5
19904 19 12 15
9890 1 5 17
9277 8 5 6
404 8
10665 19 12 15
60803 8 9 2 5
4614 8 1 19
22586 9 10 3 5
116613 8 1 6
10217 8
11812 16 5
41210 16 8 5
9078 9 3
297608 19 12 15
18487 8 19 6
8333 1 2 19 6
10199 9 2 3
149871 8 10 3
86597 19 12 15
6844 8 11
11482 10 19
594 8 5
218 1 19 17
30497 19 12
9373 12
16337 12
10781 12
266856 8 16
3529 5 6 15
8741 8 11 20
60935 17 19 12 15
10785 17 12
1092 19 15
1090 17 19 15
913 8 16 5 6
246320 5
8053 2 6 8 15 21
52451 1 2 19 5
76489 5
15655 9 3
2135 17 2 1
24420 8 16 10
129139 16 5
37710 16 1 19
24056 1 19 12
5919 1 19
23168 8 19 6
287084 19 12
15239 17 12 5 1
1857 3
4108 1 19 6
287948 1 19 6
3090 8 1 2 21
8967 8 10
63578 8 5
9662 8 2 3 5
11219 19 5 15
37165 8 5
301608 19 6
46221 19 12 15
10771 1 19 5 17
9385 9 2 3 5
50619 16 2 10
50620 8 16 2 10
24021 8 16 2 10
18239 8 16 2 10
192149 19
20943 16 5
13788 19 12 15
14254 8 19 12
117 8 19 11 6
629 8 19 6
21427 5
1644 8 19 15
157544 19 12
257087 12
24226 8
6947 8 19 15
11656 8 6
1443 8 16
298312 19 12
12473 8 13 6
11687 17 10 5
248705 5
10353 10 5
244458 19 12 5 6
219318 5
72570 8 16
204 8 2 19
293670 12 15
285783 8 2 19
249 8 19 5
8974 17 19 12
45657 19 12
11474 1 2 6 8 19
46528 1 2 10 19 21
80035 5
10685 19 15
256917 8 20
54318 9 10 2
10663 5
336882 8 1 19
59468 8 2 5
49009 8 2 11
237791 8 16
9462 1 6
147773 8 5
6963 8 5
6961 5
2018 5
252838 5
11003 16 5
65760 8 19 6
37903 8 6 15
2069 5 6
2122 19 5 6
331583 8 19
9708 19 12 15
9904 9 3
576 2 21
149870 3
1116 8 11 20
761 5
310131 12 15
10166 2 10 12
6069 10 12 5
630 9 2 10
13666 8 12
106646 8 5 6
7978 8 19 12
76170 1 2 10 17
65599 12
65086 8 19 12
288158 8 19 12
13972 8 16 5
9692 8
83686 8 19
36643 1 2 19
107985 1 5 17
9912 8
10017 1 6 12 16 17
12163 8 16
531 9 3 5
846 17 19 15
8836 8 17 19 15
57361 8 19 6
18320 8 16 11
157834 8 17 10
1541 8 2 19 6
10832 12
7345 8
544 16 5
199575 8 17 19
9299 19 12
364433 1 5 8 17 19
9394 1 21 5
180296 5
8337 1 19 12 17
14979 1 19 6
11524 8 1 19 6
67660 16 5
184098 16 5
10280 19 12
9378 19 12
192145 8 16
22536 8 19 12
11023 8
11973 8 19
8092 8
89492 5
11798 8 6
11031 13 5
109414 1 5
239678 8 5
59962 16 1 5
53487 8
10195 1 2 10
76338 1 2 10
19100 9 5
8388 21 5
108 8 13 15
110 8 16 15
109 8 5 15
11963 1 19 15
6415 1 2 5
12154 8 9 5
38286 5
11630 9 5
61979 16 8
3777 8 11
11896 5 6
202575 2 9 10 3
660 1 2 19
636 8 17 19 15
11559 8 17 10 19
10687 8 20
265228 8
36819 2 5 9 10 17
273271 17 19
8831 17 19 1 6
14139 17 19
9562 1 2 17
10478 8 16 5
13179 10 9 2 3
44683 10 9 2 3
297270 9 2 3
25475 10 9 2 3
175112 9 3
49517 8 19 15
597 8 16 19
1273 1 2 5 9 10 17
198 20 5
381 6 8 15 16 19
577 8 10 19 5
22584 1 2 8 16 19 20
595 8 6
81836 16 5
60281 8 16
13398 8 3
18148 8
184352 8 19
18911 1 10
65229 8
11969 1 2 8 11 21
11381 5
382591 8 5
714 1 2 19
43930 8 1 2
158852 1 2 9 15 17
374475 8 5
23023 9 10 5
9576 16 5
284296 8 5
744 8 1 20 16
8764 5
11165 1 2 8 11 20
10718 1
36834 8 16
64635 1 2 19 17
1480 8 19 6
59108 1 5
862 9 3 5
863 9 3 5
10193 9 3 5
213121 9 3 5
256835 9 3
11597 17 10 5
290764 8 1 6
203819 8 2
1621 8 5
1900 8
396535 1 19 12
2034 8 1 19 6
627 8 6
271718 5
13291 8 1 19 6
68727 8 19 6 15
546 8
157353 8 17 19 15
1858 17 2 1
91314 17 2 1
38356 1 2 17
8373 17 2 1
9335 1 19 6
13387 1 2 19 6
6687 19 6 15
9039 8 1 19 6
206563 8 2 19 6
9016 2 3 9 10 17
9362 1 12
11069 1 12 5 17
10829 1 5 12 17 19
70578 8 19 6
26466 12
23202 19 12
11829 21 5
146198 19
9044 8
46146 10 12
136799 9 2 3
97 17 2 1
20526 1 2 17
7446 1 5
87825 8 16
652 8 2 20
10354 8 6
44264 8 2 21
36955 1 19
339396 1 5
319 16 1 19 6
245706 8 6 15
294016 8
44945 8 19 6
300693 8
101179 19 12 15
57112 5
13768 8 9 10 16 17
46838 12 5
77950 9 3
310135 1 2 5 17
9796 19 12
94562 5
6951 1 5 6 9 19
246403 8 12 5
250235 5
63 17 19 15
121642 8 16 20
8966 8 16 2 10
15301 8 10 12 17 19
1923 8 15
9493 8 5
13572 1 2 6 8 19
664 8 1 2
1997 8 9 2
221902 8
9910 8 19 5 6
10362 8 16
11916 21
286554 16 5
2642 16 5
76543 8 16
10155 19
3536 8 1 19 20
9920 17 19 1
626 8 10
9741 1 10 19
227306 8 20
2616 8 9 5
366564 5
8845 1 19
3512 1 19
10562 19 15
375012 12
97370 8 17 19
10934 8 16 5
12277 1 5
6589 1 2 5 9
153158 16 2 3
11902 8 20 5
277 1 10 19
52520 1 10 12
346672 1 12
834 1 10 19 17
12437 1 2 10 17 19
15070 8 1 2 19
15255 1 19 6
38234 1 19
2251 8
239573 5
33 21
277685 19 12
9829 1 6 8 11 19
9349 1 19 17 6
122857 1 12 15 17 19
28510 1 2 19 17
10366 1 17
9828 8 19 6 15
10027 1 6
44048 1 19
38199 8 1 2 19
8090 8
14160 9 2 3 5
366514 16 5
11455 5
22947 8 16
58244 16 17 10 8
145197 8 17
14926 5
9877 19 12
752 1 10 19
10294 19 12
296099 2 5
10984 19 12
32856 16 5
37861 8 1 2 10
14175 9 2 3
2253 8 11 19 20
203739 1 5 10 12 15
12158 16 12 5
9945 1 8 10 12 19
40264 12 5
7131 1 2 12
10032 5
19824 5
1903 8 15 16 17 19
43552 8 19 12
11951 8 1 19
7461 8 1 19 6
14709 8 16 5
11419 5
180948 19
1808 8 13
197082 8
177494 8 5 6
11678 1 2 19
426 6 8 15 16 19
10029 19 5 6
70706 8
84348 19 12
267806 19 12
159117 19 12
307663 17 2 19 1
5038 8 16
228066 8 17 19
320007 8 16 19 6
837 17 12 15
9597 1 6 10 15 17 19
11523 16 5
12122 17 19 12
32085 8 10 3
9271 1 19 6 17
9423 1 12 17
353686 19 12
169020 5
10357 8 17 19 1
219 8 16 5
129112 8
586 8 5
11206 19 12 6
52338 8 16
10758 5
9081 8 3
6575 13 5
187596 5
69 8 16 13
36040 8 2
11358 8 1 2 19
77951 9 2 3
10673 8 6
33909 8 6
10681 9 3
8885 8 3 20
50647 5
8909 1 19 6
10431 1 19 6
308266 8 5 6
57212 8 20
74 17 2 19
68735 1 2 10
860 17 19
82654 16 12 5
59440 8 1
2110 8 1 5
6916 1 5
13183 1 17 15
55787 8 16
11837 8 2 3
9804 1 2
8872 5
8873 5
315319 5
11170 8
291272 12
159128 8 19 12
301351 8 16 13
74465 8 9 5
71859 8 19
2001 8 19 6
10590 1 11 20
9522 16 5
79120 8 16
8491 5
11814 16 10 5
284537 8 5
205724 5
85038 5
93828 1 2 6
31007 8
48415 5
8265 5
138832 5 6
1725 8 13 6
2362 1 2 8 12 17 19 21
2171 5
208277 8 5
1088 8 9
53319 5
10735 8 9 5 16
10276 5
12159 8 16 10
10242 8 19
9029 16 5
212716 8 16 5
8944 8 5
2655 8 19 12 15
127373 8
76494 16 8 5
276843 5
246741 12 5
3981 16 5
19265 16 5
1587 16 8
112198 8 5
63492 16 5
10053 19 12
13477 16 10 5
242828 8 3
232679 8
11046 1 2 8 11 20
10564 8 16 5
16523 9 10
252512 8 5
2064 8 16 5
22798 8
244786 8 13
279641 20 5
37797 8 9 3
157825 8 19
12153 5
13368 16 13 5
12227 8 1 2 9
117251 8 1 19
10158 8 5
11804 8 19 12
22787 1 19 6 15
8697 1 2 19 5
856 3 5 6 9 10
396 8
356305 5
280391 2 3 5
11208 8 16 19 15
228970 8
483 19 5 6
265208 8 19 6
13971 8 9 5
11199 1 2 5
614 8
265195 8 19 5
44147 1 5
617 8 6 15
8487 1 2 5 8 17 21
847 8 1 2
185460 2 19 12 15
252 9 10
11823 16 5
13476 16 5
55725 8 5
12100 8 1 11 20
144 8 16 10
51162 9 3
265169 8
39013 8
137321 8 16 10 15
231576 8 5
179538 12 5
13446 8 5
10762 1 2 19 5
9281 8 16 19 6
37257 8 6 15
26736 2 5 8 9 10
110420 8 9 10 3
9885 19 12
199534 19 12
309302 8 2
304357 8
4203 8 5
11004 8 5
15359 1 2 3 17
3525 8 16 5
1852 8 19 11
72190 1 8 12 17 19
20178 16 5
97051 19 12
57165 2
82690 9 2 3 5
50838 19 15
13198 8 16 10 5
83186 5 15
9902 19 12
13186 19 12
23823 19 12
71672 19 12
125509 19 12
259072 12
12160 8 1 21
290999 12
36657 1 2 17
246655 1 2 10 17
127585 1 2 10 17
49538 1 2 17
2080 1 2 19 17
36668 1 2 19 17
36658 1 2 19 17
352492 8
7451 1
47971 1 2 19 6
11679 1 2 6
278236 8
1391 8 16
6935 8 1 6
17610 2 5
12105 10 3 13
10201 16 5
41515 9 2 3 5
11878 8 1 19
38303 16 5
36950 8
10661 1 5
1819 16 5
667 1 2 19
38031 8 16 5
184314 8
3034 17 5
11967 8 1 2 21
9086 2 21
215379 8 1 21 17
11904 1 2 6 8 9 15 19
38319 1 2 10 5
84355 8 5
83899 19 12 15
13499 16 9 5
310593 8 5
22327 8 16 5
9489 16 5
245775 8
193687 8 17 19
10358 5
278774 9 5
4923 1 10 19 17
6795 9 10 2 17
246 8 1 2
11030 5
97630 8 11 19
1949 8 19 6 15
254474 1 12 5
7219 12
19908 12 5
38317 16 9 5
9398 5
329833 5
14113 9 10 5
269149 9 2 3 5
185567 8 19 6
